30186381550
32560287826
32560287851
32560287850
32560287795
32560287849
32560287814
32560287839
32560287807
26967001131
26967001134
26967001134
32560287793
32560287785
34359443092
32560287768
32560287784
32560287748
32560287746
32560287746
32560287232
32560287268
32560287765
32560287766
32560287743
32560287744
32560287745
32560287747
32560287257
32560287432
32560287754
32560287413
32560287543
32560287448
32560287621
32560287291
32560287761
32560287755
32560287517
32560287753
32560287391
32560287272
32560287749
32560287529
32560287645
26967001132
32560287303
32560287405
26967240455
26967240456
32560287481
32560287468
26967240458
26967240457
26967240461
26967240459
26967240460
26967240465
26967240462
26967240463
26967240464
26967240470
26967240466
26967240467
26967240468
26967240469
26967240471
26967240473
26967240472
16504586385
16504595148
16504586956
16504593324
16504603140
16504587076
16504603548
16504604318
16504595076
16504600724
16504600772
16504600652
16504600676
16504600452
16504601984
16504601972
16504601996
16504599900
16504600288
16504601962
16504601900
16504600741
16504600562
16504604729
16504604736
16504598757
26967240476
26967240474
26967240475
26967240480
26967240477
26967240478
26967240479
9357513446
9357525988
9357513437
9357512532
9357517454
9357515539
9357509579
9357500552
9357504537
9357494588
9357505603
26967240485
26967240481
26967240482
26967240483
26967240484
26967240486
26967240488
26967240487
26967240491
26967240489
26967240490
26967240495
26967240492
26967240493
26967240494
26967240500
26967240496
26967240497
26967240498
26967240499
33278044048
33278044046
32560287502
32560287749
34073003516
34073003518


