32622992110
32728471719
32728471744
32728471743
32728471688
32728471742
32728471707
32728471732
32728471728
25138397934
32728471695
25138397937
25138397937
32728471686
32728471678
34358853999
32728471661
32728471677
32728471556
32728471554
32728471554
32728471040
32728471076
32728471658
32728471659
32728471551
32728471552
32728471553
32728471555
32728471065
32728471240
32728471562
32728471221
32728471351
32728471256
32728471429
32728471099
32728471569
32728471563
32728471325
32728471561
32728471199
32728471080
32728471557
32728471337
32728471453
25138397935
32728471111
32728471213
25138431027
25138431028
32728471289
32728471276
25138431030
25138431029
25138431033
25138431031
25138431032
25138431037
25138431034
25138431035
25138431036
25138431042
25138431038
25138431039
25138431040
25138431041
31696748619
31696748620
31696748621
31696748622
31696748623
31696748624
31696748625
31696748626
31696748627
31696748628
31696748629
31696748630
31696748631
31696748614
31696748545
31696748546
31696822264
31696748547
31696748548
31696748549
31696748550
31696748551
31696748554
31696748552
31696748553
31696748555
31696748556
31696748557
31696748558
31696748559
31696748560
31696748561
31696748562
31696748570
31696748563
31696748564
31696748565
31696748566
31696748574
31696748569
31696748571
31696748572
31696748573
33281130510
33281130509
33281130512
33281130511
25138431043
25138431045
25138431044
25138431048
25138431046
25138431047
25138431052
25138431049
25138431050
25138431051
25138431057
25138431053
25138431054
25138431055
25138431056
25138431058
25138431060
25138431059
25138431063
25138431061
25138431062
25138431067
25138431064
25138431065
25138431066
25138431072
25138431068
25138431069
25138431070
25138431071
25138431073
25138431075
25138431074
25138431078
25138431076
25138431077
2604679620
2604679619
12373200720
12373200721
25138431082
25138431079
25138431080
25138431081
25138431087
25138431083
25138431084
25138431085
25138431086
1629502261
1629502262
1629502263
25138431088
1629500480
1629500544
1629500481
1629500482
1629500483
1629500484
1629500485
1629500486
1629500487
1629500488
1629500489
1629500490
1629500491
1629500492
1629500493
1629500494
1629500495
1629500496
1629500497
1629500498
1629500499
1629500500
1629500501
1629500502
1629500503
1629500504
1629500505
1629500506
1629500507
1629500508
1629500509
1629500510
1629500511
1629500512
1629500513
1629500514
1629500515
1629500516
1629500517
1629500518
1629500519
1629500520
1629500521
1629500522
1629500523
1629500524
1629500525
1629500526
1629500527
1629500528
1629500529
1629500530
1629500531
1629500532
1629500533
1629500534
1629500535
1629500536
1629500537
1629500538
1629500539
1629500540
1629500541
1629500542
1629500543
4501540932
24417010696
24417010697
15581849456
9777016752
9777016753
9777016754
9777016755
9777016756
9777016757
9777016758
9777016759
9777016760
9777016761
9777016762
9777016763
9777016764
9777016765
9777016766
9777016767
9777016608
9777016609
9777016610
9777016611
9777016612
9777016613
9777016614
9777016615
9777016616
9777016617
9777016618
9777016619
9777016620
9777016621
9777016622
9777016623
9777016720
9777016721
9777016722
9777016723
9777016724
9777016725
9777016726
9777016727
9777016728
9777016729
9777016730
9777016731
9777016732
9777016733
9777016734
9777016735
15581859510
9776952836
9776952837
9776952838
9776952839
9776952840
9776952841
9776952842
9776952843
9776952844
9776952845
9776952846
9776952847
9776952848
9776952849
9776952850
9776952851
25138431090
25138431089
25138431093
25138431091
25138431092
25138431097
25138431094
25138431095
25138431096
25138431102
25138431098
25138431099
25138431100
25138431101
25138431103
25138431105
25138431104
15246298856
15246299638
15246297785
15246304673
15246296025
15246295987
15246297721
15246295959
15246295388
15246305375
15246298300
15246297791
15246295220
15246297852
32728471310
32728471557
8225042268
8225042251
8220836136
8220835916


