34072998237
34072998239
32358242030
34072998112
34072998114
34072998116
34072998118
34072998119
34072998121
34072998123
34072998125
34072998127
34072998128
34072998130
34072998132
34072998134
34072998137
34072998136
34072998139
34072998141
34072998143
34072998144
34072998146
34072998148
34072998150
34072998153
34072998152
34072998155
34072998157
34072998159
34072998160
34072998162
34072998164
34072998166
34072998168
34072998169
34072998171
34072998173
34072998175
34072998048
34072998050
34072998052
34072998054
34072998055
34072998057
34072998059
34072998061
34072998063
34072998064
34072998066
34072998068
34072998070
34013653862
34013653887
34072998073
34013653886
34072998072
34013653831
34013653885
34013653850
34072998075
34013653875
23614576820
34013653838
23614576823
23614576823
34013653829
34013653821
34356871170
34013653804
34013653820
34072998077
34013653508
34013653506
34013653506
34013652992
34013653028
34013653873
34013653801
34013653802
34013653503
34013653504
34013653505
34013653507
34013653017
34013653192
34013653514
34013653173
34013653303
34013653208
34013653381
34013653051
34013653521
34013653515
34013653277
34013653513
34013653151
34013653032
34013653509
34013653289
34013653405
23614576821
34013653063
34013653165
23614585481
23614585482
34013653241
34013653228
34072998079
34072998080
34072998082
34072998084
34072998086
34072998089
34072998088
34072998091
34072998093
34072998095
34072998096
34072998098
34072998100
34072998102
34072998104
34072998105
34072998107
34072998109
34072998111
34072997882
34072997884
34072997886
34072997888
34072997889
34072997891
34072997893
34072997895
34072997897
34072997898
34072997900
34072997902
34072997904
34072997907
34072997906
34072997909
34072997911
34072997913
34072997914
34072997916
34072997918
34072997920
34072997923
34072997922
34072997925
34072997927
34072997929
34072997930
34072997932
34072997934
34072997936
34072997938
34072997939
34072997941
34072997943
34072997945
34072997818
34072997820
34072997822
34072997824
34072997825
34072997827
34072997829
34072997831
34072997833
34072997834
34072997836
34072997838
34072997840
34072997843
34072997842
34072997845
34072997847
34072997849
34072997850
34072997852
34072997854
34072997856
34072997859
34072997858
34072997861
34072997863
34072997865
34072997866
34072997868
34072997870
34072997872
34072997874
34072997875
34072997877
34072997879
34072997881
34072997754
34072997756
34072997758
34072997760
34072997761
34072997763
34072997765
34072997767
34072997769
34072997770
34072997772
34072997774
34072997776
34072997779
34072997778
34072997781
34072997783
34072997785
34072997786
34072997788
34072997790
34072997792
34072997795
34072997794
34072997797
34072997799
34072997801
34072997802
34072997804
34072997806
34072997808
34072997810
34072997811
34072997813
34072997815
34072997817
34072997690
34072997692
34072997694
34072997696
34072997697
34072997699
34072997701
34072997703
34072997705
34072997706
34072997708
34072997710
34072997712
34072997715
34072997714
34072997717
34072997719
34072997721
34072997722
34072997724
34072997726
34072997728
34072997731
34072997730
34072997733
34072997735
34072997737
34072997738
34072997740
34072997742
34072997744
34072997746
34072997747
34072997749
34072997751
34072997753
34072997626
34072997628
34072997630
34072997632
34072997633
34072997635
34072997637
34072997639
34072997641
34072997642
34072997644
34072997646
34072997648
34072997651
34072997650
34072997653
34072997655
34072997657
34072997658
34072997660
34072997662
34072997664
34072997667
34072997666
34072997669
34072997671
34072997673
34072997674
34072997676
34072997678
34072997680
34072997683
34072997682
34072997685
34072997687
34072997689
34072997105
34072997107
34072997109
34072997111
34072997112
34072997114
34072997116
34072997118
34072997120
34072997121
34072997123
34072997125
34072997127
34072997130
34072997128
34072997132
34072997134
34072997136
34072997137
34072997139
3502245368
34072997141
34072997143
34072997146
34072997145
34072997148
34072997150
34072997152
34072997153
34072997155
34072997157
34072997159
34072997162
34072997161
34072997164
34072997166
34072997168
34072997041
34072997043
34072997045
34072997047
34072997048
34072997050
34072997052
34072997054
34072997056
34072997057
34072997059
34072997061
34072997063
34072997064
34072997066
34072997068
34072997070
34072997072
34072997073
34072997075
34072997077
34072997079
34072997082
34072997081
34072997084
34072997086
34072997088
34072997089
34072997091
34072997093
34072997095
34072997098
34072997097
34072997100
34072997102
34072997104
34072996882
34072996884
34072996886
34072996888
34072996889
34072996891
34072996893
34072996895
34072996897
34072996898
34072996900
34072996902
34072996904
34072996905
34072996907
34072996909
34072996911
34072996913
34072996914
34072996916
34072996918
34072996920
34072996923
34072996922
34072996925
34072996927
34072996929
34072996930
34072996932
34072996934
34072996936
34072996939
34072996938
34072996941
34072996943
34072996945
34072996818
34072996820
34072996822
34072996824
34072996825
34072996827
34072996829
34072996831
34072996833
34072996834
34072996836
23614585484
23614585483
34072996838
34072996840
34072996841
34072996843
34072996845
34072996847
34072996849
34072996850
34072996852
34072996854
34072996856
34072996859
34072996858
34072996861
34072996863
34072996865
34072996866
34072996868
34072996870
34072996872
34072996875
34072996874
34072996877
34072996879
34072996881
34072996754
34072996756
34072996758
34072996760
34072996761
34072996763
34072996765
34072996767
34072996769
34072996770
34072996772
34072996774
34072996776
34072996777
34072996779
34072996781
34072996783
34072996785
34072996786
34072996788
34072996790
34072996792
34072996795
34072996794
34072996797
34072996799
34072996801
34073006849
34072996802
34072996804
34072996806
34072996808
34072996811
34072996810
34072996813
34072996815
34072996817
34072996690
34072996692
34072996694
34072996696
34072996697
34072996699
34072996701
34072996703
34073006818
34073006819
34073006820
34072996705
34072996706
34072996708
34072996710
2604687160
2604687161
2604687162
12373201050
12373201051
23614585487
23614585485
23614585486
23614585491
23614585488
23614585489
23614585490
3502246895
3502250855
26370370844
13916957045
13916956533
13916957557
13916959093
3502244542
3502244574
3502244496
3502244497
3502244498
3502244529
3502244530
3502244531
3502245385
3502245397
3502245398
3502245399
13916955509
3502243929
3502250840
3502245641
3502245642
3502245643
3502245644
3502244326
3502244327
3502245533
3502245536
3502246869
13916953461
3502245824
13916950899
26370370855
26370370857
13916952951
13916952439
23614585496
23614585492
23614585493
23614585494
23614585495
23614585497
3502251056
3502251060
3502251058
3502251059
3502251057
3502251688
3502251689
3502251690
3502251061
3502251062
3502251063
14927530080
14927530081
23614585499
23614585498
23614585502
23614585500
23614585501
23614585506
23614585503
23614585504
23614585505
23614585511
23614585507
23614585508
23614585509
23614585510
23614585512
23614585514
23614585513
23614585517
23614585515
23614585516
23614585521
23614585518
23614585519
23614585520
23614585526
23614585522
23614585523
23614585524
23614585525
23614585527
23614585529
23614585528
23614585532
23614585530
23614585531
23614585536
23614585533
23614585534
23614585535
23614585541
23614585537
23614585538
23614585539
23614585540
23614585542
23614585544
23614585543
23614585547
23614585545
23614585546
23614585551
23614585548
23614585549
23614585550
23614585556
23614585552
23614585553
23614585554
23614585555
23614585557
23614585559
23614585558
32091670062
32091670067
32091670065
32091670066
3502243879
3502244513
3502245264
3502244991
3502245090
3502243889
3502245252
3502245354
3502245352
3502245266
3502243863
3502251684
3502245236
3502243967
3502245132
3502245133
3502244519
3502244481
3502245365
3502244982
3502243862
3502245657
3502245657
3502251191
3502244983
32091670063
32091670064
32091670061
3502245257
23614585562
23614585560
23614585561
23614585566
23614585563
23614585564
23614585565
34013653262
34013653509


