33559433966
33289159472
33289159497
33289159496
33289159441
33289159495
33289159470
33289159485
33289159453
25873022505
25873022508
25873022508
33289159439
33289159431
34357518615
33289159414
33289159430
33289159172
33289159170
33289159170
33289158656
33289158692
33289159411
33289159412
33289159167
33289159168
33289159169
33289159171
33289158681
33289158856
33289159178
33289158837
33289158967
33289158872
33289159045
33289158715
33289159185
33289159179
33289158941
33289159177
33289158815
33289158696
33289159173
33289158953
33289159069
25873022506
33289158727
33289158829
25873156320
25873156321
33289158905
33289158892
25873156323
25873156322
25873156326
25873156324
25873156325
25873156330
25873156327
25873156328
25873156329
25873156335
25873156331
25873156332
25873156333
25873156334
25873156336
25873156338
25873156337
25873156341
25873156339
25873156340
25873156345
25873156342
25873156343
25873156344
25873156350
25873156346
25873156347
25873156348
25873156349
25873156351
25873156353
25873156352
25873156356
25873156354
25873156355
33289158926
33289159173
9776974980
9776951677
9776972712
9776925592
9776978752
9776972380
9776979008
9776946298
9776928516
9776966645
9776945329
9776967685
9776968101
9776966620
9776970457
9776925414
9776949041
9776966828
9776956949
9776966489
9776970384
9776970348
9776969592
9776965652
9776957981
9776967148
9776967805
9776972628
9776972516
9776967028
9776972462
9776969689
9776970297
9776967969
9776972544
9776949360
9776972509
9776969294
9776972493
9776967945
9776967078
9776972616
9776936244
9776969649
9776966992
9776978786
9776972640
9776967016
9776969448
9776970522
9776949060
9776967064
9776970584
9776972424
9776967124
9776963552
9776949224
9776969472
9776969546
9776969340
9776967952
9776972346
9776970360
9776970532
9776972316
9776978834
9776969316
9776970244
9776972450
9776948676
9776972332
9776965752
9776966970
9776949092
9776969708
9776966860
9776969570
9776970258
9776939892
9776941735
9776953248
9776952284
9776953552
9776957988
9776925432
9776965664
9776956248
9776932573
9776926482
9776933292
9776923346
9776935072
9776933288
9776935052
9776932840
9776930763
9776955440
9776933279
9776930788
9776930500
9776926744
9776932876
9776927048


