32972294894
33927678195
33927678220
33927678219
33927678164
33927678218
33927678183
33927678208
24916411662
33927678171
24916411665
24916411665
33927678162
33927678154
34356019720
33927678137
33927678153
33927677956
33927677954
33927677954
33927677440
33927677476
33927678134
33927678135
33927677951
33927677952
33927677953
33927677955
33927677465
33927677640
33927677962
33927677621
33927677751
33927677656
33927677829
33927677499
33927677969
33927677963
33927677725
33927677961
33927677599
33927677480
33927677957
33927677737
33927677853
24916411663
33927677511
33927677613
24916413230
24916413231
33927677689
33927677676
34073006847
34073006848
24916413233
24916413232
34073006818
34073006819
34073006820
2604679637
2604679638
2604679639
12373197198
12373197199
24916413236
24916413234
24916413235
24916413240
24916413237
24916413238
24916413239
12373200956
12373200957
12373200958
12373200959
14927534145
12373197180
12373197181
12373197182
12373197183
12373199088
12373199089
12373199090
12373199091
12373199656
14927528892
14927534146
14927534147
12373199128
12373199129
12373199130
12373199131
2604668664
2604668664
24916413245
24916413241
24916413242
24916413243
24916413244
14927533552
14927533553
2604679641
2604679640
14927533554
14927533555
2604668122
2604663266
2604672692
2604672694
2604672693
2604672695
2604672696
2604672697
2604665296
2604678690
2604669074
2604672698
2604669075
2604669076
2604672699
2604669077
2604669078
2604686424
2604669079
2604685724
2604685725
2604685726
2604686425
2604685727
2604685728
2604685729
2604685730
2604685731
2604686092
2604686426
2604686093
2604686094
2604686095
2604686096
2604686427
2604686097
2604686098
2604686099
2604684772
2604686428
2604684773
2604684774
2604684775
2604684776
2604684777
2604678691
2604678692
2604685900
2604684778
2604685901
2604685902
2604678693
2604684779
2604685903
2604678694
2604685904
2604685905
2604685906
2604678695
2604687184
2604687185
2604687186
2604685772
2604686429
2604686430
2604664564
2604664565
2604685773
2604686431
2604685774
2604685775
2604685796
2604685776
2604685797
2604664566
2604685798
2604685799
2604685800
2604685801
2604685777
2604685802
2604685803
2604685778
2604685779
2604684540
2604684541
2604684542
2604685664
2604664567
2604685665
2604667002
2604667003
2604687188
2604684543
2604687187
2604684544
2604684545
2604687189
2604687190
2604687191
2604684546
2604684547
2604664568
2604664569
2604685666
2604685667
2604685668
2604685669
2604685670
2604685671
2604686116
2604686117
2604686118
2604686119
2604686120
2604686121
2604679100
2604679101
2604679102
2604686122
2604685616
2604685617
2604685618
2604685619
2604685620
2604685621
2604685622
2604685623
2604685624
2604685625
2604685626
2604685627
2604685628
2604685629
2604685630
2604686568
2604686569
2604686570
2604686572
2604686573
2604686574
2604686575
2604684324
2604684325
2604684326
2604684327
2604684328
2604684329
2604684330
2604684331
2604685092
2604685093
2604685094
2604685095
2604685096
2604685097
2604685098
2604685099
2604685748
2604685749
2604685750
2604685751
2604685752
2604685753
2604685754
2604685755
2604684336
2604684337
2604684338
2604684339
2604684340
2604684341
2604684342
2604684343
2604684616
2604684617
2604684618
2604684619
2604684620
2604684621
2604684622
2604684623
2604664944
2604664945
2604664946
2604664947
2604664948
24916413246
2604686123
2604679103
2604679104
2604679105
2604679106
2604679107
2604686571
2604686709
2604671857
2604671858
2604671859
2604671860
2604671861
2604664860
2604664861
2604664862
2604664949
2604664863
2604664864
2604664865
2604685864
2604685865
2604685866
2604685867
2604669512
2604685868
2604664950
2604669513
2604685869
2604669514
2604669515
2604669516
2604669517
2604669518
2604664951
2604684420
2604684421
2604684422
2604684423
2604685756
2604684424
2604684425
2604685784
2604685787
2604685785
2604685786
2604684426
2604684427
2604685788
2604669524
2604669525
2604669526
2604669527
2604669528
2604664600
2604684384
2604669529
2604664601
2604664602
2604664603
2604664604
2604664605
2604664606
2604684385
2604684386
2604684387
2604684388
2604684389
2604684390
2604684391
2604684360
2604684361
2604684362
2604684363
2604684364
2604684365
2604684366
2604684367
2604685828
2604685829
2604685830
2604685831
2604685832
2604685833
12373197136
2604685834
2604685835
2604669464
2604669465
2604669466
2604669467
2604669468
2604684564
2604684565
2604669469
2604684566
2604684567
2604684568
2604684569
2604669760
2604669766
2604669767
2604684972
2604684570
2604669761
2604684571
2604679052
2604679053
2604687193
2604687192
2604684973
2604690700
2604684974
2604690701
2604669530
2604690702
2604685870
2604667004
2604667005
2604667006
2604667007
2604679054
2604679055
2604679056
2604679058
2604679059
2604669724
2604669725
2604669726
2604669727
2604669728
2604669729
2604669730
2604669731
2604685032
2604685033
2604685034
2604685035
2604685036
2604685037
2604685038
2604685039
2604685592
2604685593
2604685594
2604685595
2604685596
2604685597
2604685598
2604685599
2604685600
2604685601
2604685602
2604686496
2604686497
2604686498
2604686499
2604686500
2604686501
2604686502
2604686503
2604686504
2604686505
2604686506
2604685468
2604685469
2604685470
2604685471
2604685472
2604685473
2604685474
2604685475
2604685476
2604685477
2604685478
2604685604
2604685605
2604685606
2604685607
2604685608
2604685609
2604685610
2604685611
2604685612
2604685613
2604685614
20972200
20972336
20972337
20972338
20972339
20972340
20972341
20972342
20972343
20972344
20972345
20972346
20972378
20972756
20972757
20972379
20972380
20972381
20997440
20997441
20997442
20997443
20997600
20997601
20997602
20997603
20971699
20977270
20971734
20972451
20972450
20997596
20997597
20997598
20997599
21002125
24916413248
24916413247
24916413251
24916413249
24916413250
24916413255
24916413252
24916413253
24916413254
24916413260
24916413256
24916413257
24916413258
24916413259
24916413261
24916413263
24916413262
24916413266
24916413264
24916413265
24916413270
24916413267
24916413268
24916413269
24916413275
24916413271
24916413272
24916413273
24916413274
24916413276
24916413278
24916413277
24916413281
24916413279
24916413280
24916413285
24916413282
24916413283
24916413284
24916413290
24916413286
24916413287
24916413288
24916413289
24916413291
24916413293
24916413292
24916413296
24916413294
24916413295
24916413300
24916413297
24916413298
24916413299
33927677710
33927677957
31696969885
31696969886


