32399239918
2604688672
2604688671
12373200992
12373200993
2604688673
2604688674
2604688675
12373200994
12373200995
34073005894
34073005910
34073005895
34073005896
34073005897
34073005898
34073005899
34073005900
34073005901
34073005902
34073005903
34073005904
34073005905
34073005906
34073005907
34073005908
34073005909
34073005877
34073005893
34073005878
34073005879
34073005880
34073005881
34073005882
34073005883
34073005884
34073005885
34073005886
34073005887
34073005888
34073005889
34073005890
34073005891
34073005892
34073005860
34073005876
32770393208
32770393233
32770393232
32770393177
32770393231
32770393196
32770393221
32770393217
34357107469
25582003203
25582003206
25582003206
32770393175
32770393167
32770393179
32770393150
32770393166
34357107468
32770393092
32770393090
32770393090
32770392576
32770392612
32770393147
32770393148
32770393087
32770393088
32770393089
32770393091
32770392601
32770392776
32770393098
32770392757
32770392887
32770392792
32770392965
32770392635
32770393105
32770393099
32770392861
32770393097
32770392735
32770392616
32770393093
32770392873
32770392989
25582003204
32770392647
32770392749
25582215520
25582215521
32770392825
32770392812
2604688677
2604688676
12373201040
12373201041
34073003463
34073003464
34073003466
34073003468
34073003470
34073003472
34073003473
34073003475
34073003477
34073003479
34073003482
34073003481
34073003484
34073003486
34073003488
34073003489
34073003491
34073003493
34073003495
34073003368
34073003370
34073003372
34073003374
34073003376
34073003377
34073003379
34073003381
34073003383
34073003384
34073003386
34073003388
34073003390
34073003392
34073003393
34073003395
34073003397
34073003399
34073003400
34073003402
34073003404
34073003406
34073003408
34073003409
34073003411
34073003413
34073003415
34073003418
34073003417
34073003420
34073003422
34073003424
34073003425
34073003427
34073003429
34073003431
34073000809
34073000811
34073000813
34073000815
34073000817
34073000818
34073000820
34073000822
34073000824
34073000825
34073000827
34073000829
34073000831
34073000833
34073000834
34073000836
34073000838
34073000840
34073000841
34073000843
34073000845
34073000847
34073000849
34073000850
34073000852
34073000854
34073000856
34073000859
34073000858
34073000861
34073000863
34073000865
34073000866
34073000868
34073000870
34073000872
34073000716
34073000718
34073000720
34073000722
34073000724
34073000725
34073000727
34073000729
34073000731
34073000732
34073000734
34073000736
34073000738
34073000740
34073000741
34073000743
34073000745
34073000747
34073000748
34073000750
34073000752
34073000754
34073000756
34073000757
34073000759
34073000761
34073000763
34073000766
34073000765
34073000768
34073000770
34073000772
34073000773
34073000775
34073000777
34073000779
34073000362
34073000364
34073000366
34073000368
34073000370
34073000371
34073000373
34073000375
34073000377
34073000378
34073000380
34073000382
34073000384
34073000386
34073000387
34073000389
34073000391
34073000393
34073000394
34073000396
34073000398
34073000400
34073000402
34073000403
34073000405
34073000407
34073000409
34073000412
34073000411
34073000414
34073000416
34073000418
34073000419
34073000421
34073000423
34073000425
34073000298
34073000300
34073000302
34073000304
34073000307
34073000306
34073000309
34073000311
34073000313
34073000314
34073000316
34073000318
34073000320
34073000322
34073000323
34073000325
34073000327
34073000329
34073000330
34073000332
34073000334
34073000336
34073000338
34073000339
34073000341
34073000343
34073000345
34073000348
34073000347
34073000350
34073000352
34073000354
34073000355
34073000357
34073000359
34073000361
34073000234
34073000236
34073000238
34073000240
34073000243
34073000242
34073000245
34073000247
34073000249
34073000250
34073000252
34073000254
34073000256
34073000258
34073000259
34073000261
34073000263
34073000265
34073000266
34073000268
34073000270
34073000272
34073000274
34073000275
34073000277
34073000279
34073000281
34073000284
34073000282
34073000286
34073000288
34073000290
34073000291
34073000293
34073000295
34073000297
34072999844
34072999846
34072999848
34072999850
34072999853
34072999852
34072999855
34072999857
34072999859
34072999860
34072999862
34072999864
34072999866
34072999868
34072999869
34072999871
34072999873
34072999875
34072999876
34072999878
34072999880
34072999882
34072999884
34072999885
34072999887
34072999889
34072999891
34072999892
34072999894
34072999896
34072999898
34072999900
34072999901
34072999903
34072999905
34072999907
34072999780
34072999782
34072999784
34072999786
34072999789
34072999788
34072999791
34072999793
34072999795
34072999796
34072999798
34072999800
34072999802
34072999804
34072999805
34072999807
34072999809
34072999811
34072999812
34072999814
34072999816
34072999818
34072999820
34072999821
34072999823
34072999825
34072999827
34072999828
34072999830
34072999832
34072999834
34072999836
34072999837
34072999839
34072999841
34072999843
25582215523
25582215522
34072999716
34072999718
34072999720
34072999722
34072999725
34072999724
34072999727
34072999729
34072999731
34072999732
34072999734
34072999736
34072999738
34072999740
34072999741
34072999743
34072999745
34072999747
34072999748
34072999750
34072999752
34072999754
34072999756
34072999757
34072999759
34072999761
34072999763
34072999764
34072999766
34072999768
34072999770
34072999772
34072999773
34072999775
34072999777
34072999779
34072999652
34072999654
34072999656
34072999658
34072999661
34072999660
34072999663
34072999665
34072999667
34072999668
34072999670
34072999672
34072999674
34072999676
34072999677
34072999679
34072999681
34072999683
34072999684
34072999686
34072999688
34072999690
34072999692
34072999693
34072999695
34072999697
34072999699
34072999700
34072999702
34072999704
34072999706
34072999708
34072999709
34072999711
34072999713
34072999715
34072999472
34072999474
34072999476
34072999478
34072999481
34072999480
34072999483
34072999485
34072999487
34072999488
34072999490
34072999492
34072999494
34072999496
34072999497
34072999499
34072999501
34072999503
34072999504
34072999506
34072999508
34072999510
34072999512
34072999513
34072999515
34072999517
34072999519
34072999520
34072999522
34072999524
34072999526
34072999528
34072999529
34072999531
34072999533
34072999535
34072999408
34072999410
34072999412
34072999414
34072999417
34072999416
34072999419
34072999421
34072999423
34072999424
34072999426
34072999428
34072999430
34072999432
34072999433
34072999435
34072999437
34072999439
34072999440
34072999442
34072999444
34072999446
34072999448
34072999449
34072999451
34072999453
34072999455
34072999456
34072999458
34072999460
34072999462
34072999464
34072999465
34072999467
34072999469
34072999471
34072999344
34072999346
34072999348
34072999350
34072999353
34072999352
34072999355
34072999357
34072999359
34072999360
34072999362
34072999364
34072999366
34072999369
34072999368
34072999371
34072999373
34072999375
34072999376
34072999378
34072999380
34072999382
34072999384
34072999385
34072999387
34072999389
34072999391
34072999392
34072999394
34072999396
34072999398
34072999400
34072999401
34072999403
34072999405
34072999407
34072998560
34072998562
34072998564
34072998566
34072998569
34072998568
34072998571
34072998573
34072998575
34072998576
34072998578
34072998580
34072998582
34072998585
34072998584
34072998587
34072998589
34072998591
34072998592
34072998594
34072998596
34072998598
34072998600
34072998601
34072998603
34072998605
34072998607
34072998608
34072998610
34072998612
34072998614
34072998616
34072998617
34072998619
34072998621
34072998623
34072998496
34072998498
34072998500
25582215526
25582215524
25582215525
34072998502
34072998505
34072998504
34072998507
34072998509
34073006818
34073006819
34073006820
34072998511
34072998512
34072998514
34072998516
2604688836
2604688837
2604688838
12373201042
12373201043
25582215530
25582215527
25582215528
25582215529
25582215535
25582215531
25582215532
25582215533
25582215534
25582215536
25582215538
25582215537
25582215541
25582215539
25582215540
27078989656
27078989657
25582215545
25582215542
25582215543
25582215544
25582215550
25582215546
25582215547
25582215548
25582215549
25582215551
15246298856
15246299638
15246297785
15246304673
15246296025
15246295987
15246297721
15246295959
15246295388
15246305375
15246298300
15246297791
15246295220
15246297852
25582215553
25582215552
25582215556
25582215554
25582215555
8225042240
8225042268
8225042251
8220836136
8220835916
24860763466
32770392846
32770393093


