32652660974
2604690453
2604690454
2604690455
12373197150
12373197151
32025378818
32025378843
32025378842
32025378787
32025378841
32025378806
32025378831
32025378799
23520685927
23520685930
23520685930
32025378785
32025378777
34356427060
32025378760
32025378776
32025378308
32025378306
32025378306
32025377792
32025377828
32025378757
32025378758
32025378303
32025378304
32025378305
32025378307
32025377817
32025377992
32025378314
32025377973
32025378103
32025378008
32025378181
32025377851
32025378321
32025378315
32025378077
32025378313
32025377951
32025377832
32025378309
32025378089
32025378205
23520685928
32025377863
32025377965
23520790869
23520790870
32025378041
32025378028
2604685604
2604685605
2604685606
2604685607
2604685608
2604685609
2604685610
2604685611
2604685612
2604685613
2604685614
2604685468
2604685469
2604685470
2604685471
2604685472
2604685473
2604685474
2604685475
2604685476
2604685477
2604685478
2604686496
2604686497
2604686498
2604686499
2604686500
2604686501
2604686502
2604686503
2604686504
2604686505
2604686506
2604685592
2604685593
2604685594
2604685595
2604685596
2604685597
2604685598
2604685599
2604685600
2604685601
2604685602
23520790872
23520790871
34073006818
34073006819
34073006820
16504598738
2604690457
2604690456
12373199044
12373199045
16832793322
23520790875
23520790873
23520790874
23520790879
23520790876
23520790877
23520790878
23520790884
23520790880
23520790881
23520790882
23520790883
31696699552
23520790885
12880708950
12880708951
3095400278
3095403828
3095403829
12880712055
12880712054
12880709688
12880709689
12880715308
12880715309
12880715310
11077157048
11077157048
11077157053
11077157054
11077157055
11077157057
11077157056
11077157391
11077157390
11077157188
23520790887
23520790886
11077157348
11077157532
11077157533
11077157393
11077157392
11077157394
11077157349
23520790890
23520790888
23520790889
23520790894
23520790891
23520790892
23520790893
23520790899
23520790895
23520790896
23520790897
23520790898
23520790900
2604688848
2604688849
2604688852
2604688850
2604688851
2604666895
23520790902
23520790901
23520790905
23520790903
23520790904
23520790909
23520790906
23520790907
23520790908
23520790914
23520790910
23520790911
23520790912
23520790913
23520790915
23520790917
23520790916
23520790920
23520790918
23520790919
23520790924
23520790921
23520790922
23520790923
23520790929
23520790925
23520790926
23520790927
23520790928
23520790930
23520790932
23520790931
23520790935
23520790933
23520790934
27078990480
23520790939
23520790936
23520790937
23520790938
33281114125
26347868641
26347868637
26347868635
26347868636
26347868645
26347868638
26347868639
26347868640
26347868661
26347868646
26347868647
26347868648
26347868649
26347868650
26347868651
26347868652
26347868653
26347868654
26347868655
26347868656
26347868657
26347868658
26347868642
33281174929
33281174928
33281130496
33281130497
33281130498
33281130499
33281130500
33281130501
33281130502
33281130503
33281130504
33281130505
33281196055
33281196053
33281196054
33281196063
33281196056
33281196057
33281196058
33281196059
33281196060
33281196061
33281196062
31696880197
31696879739
31696879738
31696879740
31696879741
31696880519
31696879975
31696879964
31696879965
31696879966
31696879967
31696879968
31696879969
31696879970
31696879971
31696879972
31696879973
31696879974
31696880259
31696880248
31696880249
31696880250
31696880251
31696880252
31696880253
31696880254
31696880255
31696880256
31696880257
31696880258
31696879976
31696879977
31696880707
31696880664
31696880665
31696880666
31696880667
31696880668
31696880669
31696880670
31696880671
31696880672
31696880673
31696880674
31696880675
31696880676
31696880677
31696880678
31696880679
31696880680
31696880681
31696880682
31696880683
31696880684
31696880685
31696880686
31696880687
31696880688
31696880689
31696880690
31696880691
31696880692
31696880693
31696880694
31696880695
31696880696
31696880697
31696880698
31696880699
31696880700
31696880701
31696880702
31696880703
31696880704
31696880705
31696880706
33281146886
23520790944
23520790940
23520790941
23520790942
23520790943
16504596262
16504586385
16504586956
16504593324
16504603140
16504587076
16504603548
16504604318
16504595076
16504600724
16504600772
16504600652
16504600676
16504600452
16504601984
16504601972
16504601996
16504599900
16504600288
16504601962
16504601900
16504600741
16504600562
16504604729
16504604736
16504598756
32025378062
32025378309
9357513446
9357525988
9357513437
9357512532
9357517454
9357515539
9357509579
9357500552
9357504537
9357494588
9357505603


