30884183790
27078989821
34073002418
34073002420
34073002422
27078989654
27078989822
34073002424
27078990827
34073002426
34073002427
34073002429
34073002431
27078990825
34073002433
34073002436
34073002435
27078990826
2604667248
27078990435
27078990433
27078990434
34073002438
27078990399
34073002440
27078990400
34073002442
34073002443
27078990401
27078990402
34073002445
27078990823
27078990820
34073002447
34073002449
27078990821
34073002452
34073002451
27078990822
34073002454
34073002456
34073002458
34073002459
34073002461
27078989770
27078989771
27078989772
34073002463
27078990809
27078990810
34073002465
27078990811
27078990812
27078990769
34073002338
34073002340
27078990770
27078990771
27078990772
27078990804
27078990805
27078990806
34073002342
34073002344
34073002346
34073002347
34073002349
27078990004
31696765274
27078990119
27078989917
34073002351
27078989978
27078989958
27078989959
27078989960
27078989961
27078989962
27078989963
27078989964
27078989965
27078989966
27078989967
27078989968
27078989969
27078989970
27078989971
27078989972
27078989974
27078989975
27078989976
27078989977
34073002353
12373199656
27078990750
27078990463
27078990460
34073002354
34073002356
34073002358
12373197102
12373197103
12373197104
12373197105
12373197106
12373197107
27078990461
27078990462
34073002360
34073002362
34073002363
27078990751
27078990752
27078990753
32441644672
32441644697
34073002365
32441644696
32441644641
32441644695
34073002367
32441644670
32441644685
32441644653
25830561886
27078990706
25830561889
25830561889
32441644639
34356370229
32441644631
32441644614
32441644630
27078990707
34356370228
34073002369
32441644548
32441644546
32441644546
32441644032
27078990708
32441644068
32441644611
32441644612
32441644543
32441644544
32441644545
32441644547
32441644057
27078990709
32441644232
32441644554
32441644213
32441644343
32441644248
32441644421
32441644091
32441644561
32441644555
32441644317
32441644553
32441644191
32441644072
32441644549
32441644329
32441644445
25830561887
32441644103
32441644205
27078990734
25830617017
25830617018
32441644281
32441644268
27078990735
27078990736
2604667250
2604667004
2604667003
2604667005
2604667006
2604667007
27078990737
23817110239
27078989774
27078989775
27078989776
27078989777
27078989778
27078990677
27078990678
27078990679
27078990680
27078990681
27078990391
27078990392
27078990393
27078990394
27078989948
27078989921
31696765331
34073002372
27078990781
34073002371
27078990782
27078990783
27078990784
27078990785
27078990786
27078990787
27078990788
27078990790
27078990791
27078990792
27078990793
27078990794
27078990795
34073002374
27078990796
27078990797
27078990798
27078990799
27078990800
34073002376
27078990101
34073002378
34073002379
34073002381
34073002383
34073002385
2071986904
34073002388
34073002387
34073002390
34073002392
34073002394
34073002395
34073002397
34073002399
34073002401
34073002274
34073002276
27078990395
34073002278
34073002280
34073002282
34073002283
33281256489
33281256512
33281256525
33281212417
33281260166
33281260159
27078990441
33281240573
27078990442
12880713596
12880713596
12880711824
12880711824
12880711825
33281240572
12880713597
12880709853
12880709854
12880709855
12880713648
12880713647
33281196032
27078990443
33281196033
33281196034
34073002285
33281196035
34073002287
27078990444
33281240571
33281196036
34073002289
27078990445
34073002290
34073002292
27078990446
33281242620
34073002294
27078990695
33281212418
33281212419
27078990696
27078990697
33281258097
27078990698
27078990699
27078990700
27078990559
27078990560
27078990561
34073002296
34073002298
27078990562
34073002299
32697799890
32697799797
34073002301
32697800695
34073002303
32697800677
32697800702
32697800593
32697800724
34073002305
32697800663
32697800664
34073002308
34073002307
34073002310
34073002312
34073002314
34073002315
27078990563
27078990564
27078990565
27078990714
27078990715
27078990716
27078990717
27078990718
27078990719
27078990720
27078990722
27078990723
27078990724
27078990725
27078990726
33281258913
12373211228
12373211229
12373211230
12373211231
12373211232
12373211233
12373211234
12373211235
12373211236
12373211237
12373211238
12373211239
12373211240
31696912388
27078989647
31696912396
31696912406
31696912413
27078989645
27078989641
31696955900
31696912393
34073002317
31696912397
31696912390
31696912404
31696912398
34073002319
2604688841
2604688842
2604688845
2604688843
31696880032
34073002321
2604688844
31696880318
31696830489
34356616683
34356616682
34073002324
34073002323
34356616681
34356616680
34356616679
34356616678
34356616677
34073002326
34073002328
34073002330
34073002331
26347867985
31696912392
26347867986
34073002333
31696951802
31696880506
31696880205
31696880200
31696880045
31696880285
31696880204
34073002335
34073002337
31696879642
31696880046
27078989685
31696879653
34073002210
34073002212
31696879691
31696879742
31696879768
31696879821
31696880308
34073002214
34073002216
31696879733
34073002218
34073002219
31696880185
34073002221
34073002223
34073002225
31696879826
34073002226
34073002228
31696879836
34073002230
34073002232
31696880217
34073002234
34073002235
31696879690
34073002237
31696879822
34073002239
34073002241
31696880238
34073002244
34073002243
31696880001
34073002246
31696880180
34073002248
31696879693
34073002250
34073002251
34073002253
31696880166
31696880271
34073002255
31696880310
34073002257
34073002260
34073002259
31696880369
34073002262
31696879952
31696880031
31696880220
31696880221
31696880317
31696880371
31696880278
31696880072
31696880322
31696880198
31696880373
31696879954
34073002264
31696880266
31696880364
34073002266
34073002267
31696879737
31696879905
34073002269
34073002271
31696879656
34073002273
31696879623
31696879906
31696879907
31696879953
31696880092
31696879990
31696880313
31696880203
31696879955
31696879909
31696879757
31696880040
31696880123
31696879820
31696879689
34073002146
34073002148
31696880033
34073002150
31696765217
34073002152
34073002154
34073002155
34073002157
31696880002
34073002159
26347867987
34073002161
34073002162
34073002164
27078989704
34073002166
33281258911
27078989512
34073002168
27078989706
27078989707
27078989424
27078989949
34073002170
34073002171
32255417854
32255417855
32255417856
32255417857
32255417858
32255417859
34073002173
32255417860
32255417861
32255417862
32255417863
32255417864
32255417865
32255417866
32255417867
32255417868
32255417869
32255417870
32255417871
32255417872
32255417873
32255417874
32255417875
32255417876
32255417877
32255417878
32255417879
32255417880
32255417881
32255417882
32255417883
32255417884
32255417885
32255417886
32255417887
32255417888
32255417889
32255417890
32255417891
32255417892
32255417893
32255417894
32255417895
32255417896
32255417897
32255417898
34073002175
32255417899
32255417900
32255417901
32255417902
32255417903
34073002177
32255417904
32255417905
32255417906
32255417907
32255417908
32255417909
32255417910
32255417911
34073002180
34073002179
32255417912
32255417913
32255417914
32255417915
34073002182
32255417916
32255417917
34073002184
34073002186
34073002187
27078990060
27078990117
27078990173
31696880315
27078989712
31696880114
27078989710
27078989157
34073002189
31696880346
27078989687
31696879647
31696880243
31696880352
31696880348
31696880354
31696880362
34073002191
31696879729
31696880350
31696880356
31696880360
31696879951
31696880239
31696879678
31696880314
31696879617
31696879674
31696879989
31696880181
31696880224
31696879719
34073002193
34073002196
34073002195
34073002198
34073002200
2604685615
2604686496
2604686497
2604686498
2604686499
2604686500
2604686501
2604686502
2604686503
2604686504
2604686505
2604686506
12373202532
12373202533
34073002202
34073002203
20997592
34073002205
20997593
20997594
20997595
34073002207
34073002209
34073002082
34073002084
12373202534
12373202535
34073002086
34073002088
34073002090
34073002091
34073002093
34073002095
34073002097
2604679604
34073002098
2604679605
34073002100
2604679606
12373197336
34073002102
12373197337
34073002104
2604679608
34073002106
2604679607
34073002107
12373197338
12373197339
34073002109
34073002111
2604679609
2604679610
2604679611
34073002113
12373200992
12373200993
34073002116
33100891386
34073002114
34073002118
34073002120
34073002122
34073002123
34073002125
34073002127
34073002129
34073002132
34073002131
34073002134
34073002136
31696880274
31696880380
31696879889
31696880044
34073002138
34073002139
31696879655
27078990094
34073002141
27078989918
27078990112
27078990118
31696879945
31696879883
34073002143
27078990001
31696879698
31696879876
31696879880
31696879877
31696880376
34073002145
31696879823
31696880287
31696880288
31696879641
31696879998
31696880652
31696879640
31696830467
31696879735
31696879638
31696880505
31696830474
31696879824
34073001950
31696879619
31696879618
34073001952
31696879633
31696880219
27078989846
27078989780
31696880378
31696880184
27078989856
31696880159
31696879744
27078989757
31696879659
31696879645
31696879732
31696764932
31696879991
27078989514
31696880389
31696879867
31696880246
31696879882
31696879859
31696879878
31696879881
31696879860
31696880295
31696879801
31696879800
31696879802
27078990116
31696764930
27078989452
31696879819
31696880164
31696879917
31696880292
31696880296
31696880297
27078990115
31696880387
31696879918
31696879875
31696880101
31696880495
31696880132
31696879871
31696879872
31696880273
31696880301
31696880280
31696879981
31696880372
31696879666
31696880279
31696879870
31696880041
31696879760
31696879761
31696880027
31696880105
31696880222
31696880106
31696879646
31696880276
31696879879
31696879728
31696879874
31696879665
31696879734
31696879807
31696879675
31696879869
31696879868
31696879652
31696879622
31696880388
31696879658
31696879651
31696879696
31696880323
31696879962
31696880208
31696880126
31696879825
31696880241
31696880076
31696879727
31696879654
31696879942
31696879992
31696880163
31696879778
31696879944
31696879980
31696880100
31696880384
31696880392
31696880155
31696880557
31696880304
31696880125
31696880148
31696879688
31696880286
31696880386
31696879890
31696880182
34073001954
31696880494
31696879687
31696880068
31696880305
31696880374
31696880375
31696879694
31696880206
31696880493
31696880139
34073001956
31696879812
31696880154
31696880391
31696880383
31696880202
31696879644
34073001958
31696879950
34073001959
31696880099
31696880151
31696880245
31696880150
31696880558
31696879765
31696880102
31696879811
34073001961
31696880385
31696880147
31696880149
34073001963
31696880491
31696880492
31696879978
31696879979
31696880116
31696880047
31696879941
31696879982
31696879983
31696880172
31696879946
31696880067
31696879947
31696879908
31696880157
31696880156
31696880124
31696879686
31696880302
31696879649
31696880218
31696880158
31696880309
31696879650
34073001965
31696879743
31696951801
34073001966
34073001968
27078990165
27078990154
31696879861
31696880183
34073001970
31696880073
31696879704
31696880153
31696879705
31696880370
31696880167
31696879643
27078990221
27078990108
27078990052
27078989996
27078989940
27078989728
31696880244
27078990212
27078990156
27078990099
27078990043
27078989987
27078989931
27078989732
34073001972
34073001974
34073001975
34073001977
34073001979
34073001981
34073001982
34073001984
34073001986
34073001988
34073001990
34073001991
34073001993
34073001995
34073001997
34073002000
34073001999
34073002002
33277986353
25830617020
25830617019
33281260153
26347867992
34073002004
31696879702
31696880093
34073002006
34073002007
34073002009
27078989547
34073002011
34073002013
34073001886
34073001888
34073001890
34073001892
31696879815
34073001894
34073001895
34073001897
34073001899
34073001901
31696879717
31696879661
31696879718
31696879804
31696879805
31696880201
31696880307
31696879692
31696880071
34073001902
34073001904
31696879756
34073001906
31696879726
31696879764
31696880265
31696880165
34073001908
34073001910
34073001911
34073001913
34073001915
34073001917
31696880000
31696880312
34073001918
34073001920
31696880299
31696879995
31696879919
34073001922
31696879949
31696880223
31696880199
31696879994
31696879943
31696880247
31696880138
34073001924
31696879667
31696880127
34073001926
34073001927
31696879753
31696879754
34073001929
31696879916
31696879817
31696879818
31696880065
31696880066
31696880377
31696880103
31696879799
31696880283
34073001931
31696880095
31696879999
31696880096
31696879763
31696880284
31696880169
31696880319
31696880316
31696879624
31696879625
31696879862
31696880294
31696880293
31696880042
31696879627
31696879626
31696880390
34073001933
31696880152
31696880298
31696880069
31696880170
31696880171
31696880115
31696880303
31696879993
34073001936
34073001935
31696880070
31696879816
31696880311
31696879766
31696879767
31696879731
31696879730
34073001938
34073001940
31696951800
31696880381
31696880382
34073001942
34073001943
31696880130
26347867993
31696879762
34073001945
34073001947
31696880270
31696880267
31696880268
31696880269
34073001949
34073001822
34073001824
34073001826
34073001828
31696880216
31696880209
31696880210
31696880211
31696880212
31696880213
34073001830
34073001831
34073001833
34073001835
31696880214
33281254745
33281254744
31696880215
33281254744
31696880131
33281254737
34073001837
34073001838
34073001840
31696880104
31696880077
31696880078
31696880079
31696880080
31696880081
31696880082
34073001842
31696880083
31696880084
31696880140
34073001844
31696880085
34073001846
34073001847
31696880086
34073001849
34073001851
34073001853
34073001854
34073001856
34073001858
34073001860
34073001862
34073001863
34073001865
34073001867
34073001869
34073001872
34073001871
34073001874
34073001876
34073001878
34073001879
34073001881
33281254740
33281254736
33281254735
33281254735
33281254728
34073001883
34073001885
33281254731
33281254727
33281254726
33281254726
33281254719
31696879745
31696880146
31696880141
31696880142
31696880143
31696880144
31696880145
34073001758
34073001760
27078989788
34073001762
31696879938
27078989927
27078989944
27078989945
31696879798
27078989942
31696879857
31696879858
27078989920
34073001764
27078990056
27078990062
31696880022
31696880023
27078990169
27078990175
31696880544
31696880545
27078990061
31696880262
31696879699
31696880235
34073001766
34073001767
34073001769
31696949549
31696830473
31696830468
31696830470
31696830465
31696830491
31696949548
31696830475
34073001771
31696830469
31696830490
33281254722
34073001773
34073001774
34073001776
34073001778
34073001780
34073001782
34073001783
33281254718
33281254717
33281254717
33281254708
34073001785
34073001787
33281254711
33281254707
33281254706
33281254706
33281254698
33281254697
33281254696
33281254696
33281254687
34073001789
33281254689
33281254701
26347867988
33281254686
33281254685
33281254685
33281254678
34073001790
34073001792
34073001794
34073001796
34073001798
34073001799
33281254681
33281254677
33281254676
33281254676
33281254669
34073001801
34073001803
34073001805
33281254672
34073001808
34073001807
26347867989
34073001810
33281254668
34073001812
33281254667
33281254667
34073001814
34073001815
33281254659
33281254658
33281254657
33281254657
33281254528
33281254532
33281254662
34073001817
26347867990
33281253887
33281253886
33281253886
33281253870
33281253875
33281253869
33281253868
33281253868
33281253858
26347867991
33281253861
34073001819
34073001821
33281253857
33281253856
33281253856
33281253847
33281253850
33281253846
33281253845
33281253845
33281253836
34073001694
34073001696
33281246207
33281246205
33281246205
33281246087
33281246104
33281238387
33281238380
33281238380
33281237504
33281237554
33281237502
34073001698
33281237500
33281237500
33281237180
34073001700
33281237179
33281237178
34073001702
33281237178
34073001703
33281236976
34073001705
34073001707
26347867994
33281253835
33281253834
33281253834
33281253755
33281236975
33281236972
33281236972
33281236789
33281238524
33281238523
34073001709
33281238523
33281238428
26347867995
34073001710
34073001712
33281236786
33281236783
33281236783
33281236691
33281236690
33281236689
33281236689
33281236635
34073001714
33281236634
33281236633
33281236633
33281236494
26347867996
33281236491
33281236490
33281236490
33281236191
33281236190
33281236189
33281236189
33281236150
33281253754
33281253753
33281253753
33281253748
26347867997
33281236146
33281236145
33281236145
33281236087
33281236086
33281236082
33281236082
33281235770
33281235786
34073001716
33281253747
33281253746
33281253746
33281253728
26347867998
33281246086
33281246085
33281246085
33281246075
33281235769
33281235768
33281235768
33281235729
34073001718
34073001719
33281238427
33281238426
33281238426
34073001721
33281238413
26347867999
33281246074
33281246073
33281246073
33281246070
33281235728
33281235727
33281235727
33281235554
33281238412
33281238411
33281238411
33281238399
26347868000
33281235553
33281235552
33281235552
33281235511
33281235510
33281235509
33281235509
33281235477
33281235476
33281235475
33281235475
33281235447
26347868001
34073001723
33281235446
33281235444
33281235444
34073001725
33281235334
34073001726
34073001728
33281235333
33281235332
33281235332
33281235314
34073001730
34073001732
33281235313
33281235312
33281235312
33281235229
34073001734
34073001735
26347868002
34073001737
33281235225
33281235222
33281235223
34073001739
33281235222
33281234723
33281234749
34073001741
33281234722
33281234720
33281234720
33281234639
34073001744
34073001743
34073001746
33281234636
34073001748
33281234635
33281234635
33281234545
26347868003
34073001750
34073001751
33281234544
33281234543
33281234543
34073001753
33281234529
34073001755
33281234528
33281234527
33281234527
33281234343
33281234341
33281234340
33281234340
33281234220
26347868004
33281234219
33281234218
33281234218
33281234085
33281234084
33281234081
33281234081
33281234069
33281234068
33281234067
33281234067
33281234050
26347868005
33281234049
33281234048
33281234048
33281234000
33281238398
33281238397
33281238397
33281238394
33281238393
33281238392
33281238392
33281238388
26347868006
33281233999
33281233998
33281233998
33281233992
34073001757
33281233991
33281233990
33281233990
33281233957
26347868007
33281233956
33281233955
33281233955
33281233528
33281233527
33281233526
33281233526
33281233456
33281233455
33281233454
33281233454
33281233324
26347868008
33281233168
33281233165
33281233165
33281231872
33281231942
33281231870
33281231857
33281231857
33281231452
33281233323
33281233322
33281233322
33281233302
26347868009
33281231451
33281231449
33281231449
33281231251
34073001358
34073001360
33281233301
33281233300
33281233300
33281233258
33281233257
33281233256
33281233256
33281233252
26347868010
34073001362
34073001364
33281233251
33281233250
33281233250
33281233239
34073001366
34073001367
33281233238
33281233237
33281233237
33281233213
33281233211
33281233210
33281233210
33281233205
26347868011
33281233203
33281233202
33281233202
33281233183
34073001369
34073001371
33281233182
33281233181
33281233181
34073001373
33281233176
26347868012
34073001374
34073001376
33281231248
33281231247
34073001378
33281231247
33281231232
34073001380
33281231231
34073001382
34073001383
33281231230
33281231230
33281231217
34073001385
34073001387
33281236207
26347868013
33281236208
26347868014
26347868015
26347868016
26347868017
34073001389
34073001390
34073001392
34073001394
33281233074
33281233075
33281233076
33281233077
33281233078
33281233079
33281233080
33281233081
33281231952
33281233082
33281233083
33281233084
33281233085
33281233086
33281233087
33281233088
33281233089
33281233090
33281233091
33281233092
33281233093
33281233094
33281233095
33281233096
33281233097
34073001396
33281233098
33281233099
33281233100
33281231968
33281233101
33281233102
33281233103
33281233104
33281233105
33281233106
33281233107
33281233108
33281233109
33281233110
33281231984
33281233111
33281233112
33281233113
33281233114
33281233115
33281233116
33281233117
34073001398
33281233118
34073001399
33281233119
33281233120
33281233121
33281233122
33281233123
33281233124
33281233125
33281233126
33281232000
33281233127
33281233128
33281233129
33281233130
33281233131
33281233132
33281233133
33281233134
33281233135
33281233136
33281233137
33281233138
33281233139
33281233140
33281233141
33281233142
33281232016
33281233143
33281233144
33281233145
33281233146
33281233147
33281233148
33281233149
33281233150
33281233151
33281233152
33281233153
33281233154
33281232032
33281233155
33281233156
33281233157
33281233158
33281233159
33281233160
33281233161
33281233162
33281233163
33281233164
33281233166
33281232048
33281233167
33281231914
33281231935
33281231893
34073001401
34073001403
33281231437
33281231438
33281231439
33281231440
33281231441
33281231267
33281231442
33281231443
33281231444
33281231445
33281231446
33281231447
33281231448
33281231450
33281231280
33281231845
33281231846
33281231847
33281231848
33281231849
33281231850
33281231851
33281231852
33281231853
33281231854
33281231855
33281231856
33281231858
33281231468
33281231859
33281231472
33281231860
33281231861
33281231862
33281231863
33281231864
33281231865
33281231488
33281231866
33281231867
33281231868
33281231869
33281231504
33281235311
33281233525
33281233952
33281233953
33281233954
34073001405
34073001408
34073001407
33281233544
33281234042
33281234043
33281234044
33281234045
33281234046
33281234047
33281234082
33281235208
33281235209
33281234752
33281235210
33281235211
33281235212
33281235213
33281235214
33281235215
33281235216
33281235217
33281235218
33281235219
33281235220
33281235221
33281235224
33281234768
34073001410
34073001412
33281234634
33281234719
33281234721
25830617023
25830617021
25830617022
34073001414
34073001415
34073001417
34073001419
34073001421
33281235443
33281235445
33281235550
33281235551
33281235720
33281235721
33281235722
33281235723
33281235724
33281235725
33281235726
33281236083
33281236084
33281236085
33281235792
34073001294
34073001296
34073001298
33281236485
33281236486
33281236487
33281236488
33281236489
34073001300
33281236187
33281236188
33281236629
33281236630
33281236631
33281236632
33281236782
33281236784
33281236785
33281236969
33281236970
33281236971
33281236973
33281236974
33281237172
33281237173
33281237174
33281237175
33281237176
33281237177
33281253833
33281237497
33281237498
33281237499
33281237501
33281237196
34073001303
34073001302
33281238295
33281238296
33281238297
33281238298
33281238299
33281238300
33281238301
33281237568
33281238302
33281238303
33281238304
33281238305
33281238306
33281238307
33281238308
33281238309
33281238310
33281238311
33281238312
33281237584
33281238313
33281238314
33281238315
33281238316
33281238317
33281238318
33281238319
33281238320
33281238321
33281238322
33281238323
33281238324
33281237600
33281238325
33281238326
33281238327
33281238328
33281238329
33281238330
33281238331
33281238332
33281238333
33281238334
33281238335
33281237616
33281238336
33281238337
33281238338
33281238339
33281238340
33281238341
33281238342
33281238343
33281238344
33281238345
33281237632
33281238346
33281238347
33281238348
33281238349
33281238350
33281238351
33281238352
33281238353
33281238354
33281238355
33281238356
33281237648
33281238357
33281238358
33281238359
33281238360
33281238361
33281238362
33281238363
33281238364
33281238365
33281238366
33281238367
33281237664
33281238368
33281238369
33281238370
33281238371
33281238372
33281238373
33281238374
33281238375
33281238376
33281238377
33281238378
33281237680
33281238379
33281238382
33281238383
33281238384
33281238385
33281238386
33281237696
33281237528
33281238381
33281237536
33281246201
33281246202
33281246203
33281246204
33281246112
33281246206
34073001305
26347868018
26347868019
33281231219
33281231235
33281233178
33281233187
33281233206
33281232051
33281232416
33281233169
33281233169
33281232880
33281232432
33281233171
33281233216
33281233242
33281233254
33281233262
33281231283
33281233305
33281231508
33281231717
33281231725
33281231871
33281233334
33281235241
33281235288
33281235285
33281233464
33281233545
33281233958
33281233994
33281238389
33281236098
33281238395
33281253750
33281234012
33281234051
33281234071
33281234090
33281234223
33281234347
33281234532
33281235479
33281234774
33281234830
33281235090
33281234834
33281235227
33281235227
33281235226
33281233319
33281235087
26347868020
26347868021
26347868022
26347868023
26347868024
26347868025
26347868026
26347868027
26347868028
33281235105
26347868029
26347868030
26347868031
26347868032
26347868033
26347868034
26347868035
26347868036
26347868037
26347868038
26347868039
26347868040
26347868041
26347868042
26347868043
26347868044
26347868045
26347868046
26347868047
26347868048
26347868049
26347868050
26347868051
33281234900
33281234864
33281234815
33281234559
33281234651
34073001307
33281235316
33281235348
33281235368
33281235396
33281232131
33281235452
33281235516
33281238400
33281235564
26347868052
33281235705
26347868053
26347868054
33281235740
33281246071
33281238418
33281235795
33281235811
33281246077
33281253732
33281236215
33281236158
33281236502
33281236640
33281236701
33281238432
33281236805
33281236989
33281253763
33281237200
33281237707
33281237739
33281237929
33281238213
33281238119
33281238136
33281246117
33281253840
26347868055
33281231216
33281231215
33281231215
33281231206
34073006818
34073006819
34073006820
26347868056
33281231210
33281231205
33281231204
33281231204
33281231197
26347868057
33281231200
33281231196
33281231195
33281231195
33281231186
33281231185
33281231184
33281231184
33281231129
26347868058
33281231055
33281231053
33281231053
33281230336
33281230364
33281230997
33281230998
33281230999
33281230368
33281231000
33281231001
33281231002
33281231003
33281231004
33281231005
33281231006
33281230384
33281231007
33281231008
33281231009
33281231010
33281231011
33281231012
33281230400
33281231013
33281231014
33281231015
33281231016
33281231017
33281231018
33281231019
33281231020
33281230416
33281231021
2604679613
33281231022
2604679612
33281231023
33281231024
33281231025
33281231026
33281231027
33281231028
33281231029
33281231030
33281231031
33281230432
33281231032
33281231033
33281231034
33281231035
33281231036
33281231037
33281231038
33281231039
33281231040
33281231041
33281230448
33281231042
33281231043
33281231044
12373200994
33281231045
12373200995
33281231046
33281231047
33281231048
33281231049
33281231050
33281230464
33281231051
33281231052
33281231054
33281230475
33281230553
33281230927
33281230635
33281231057
33281231058
33281231059
33281231060
33281231061
33281231062
33281231056
33281231086
33281231085
33281231084
33281231087
33281231083
33281230542
33281231081
33281231082
33281231080
33281231079
33281231078
33281231077
33281231076
33281231075
33281231074
33281231073
33281231072
33281231071
33281231070
33281231069
33281231066
33281231067
33281230523
33281231064
33281231065
33281231068
33281231063
33281230647
33281230831
33281230864
33281230572
33281230860
33281231138
33281231189
26347868059
33281231128
33281231127
33281231127
33281231119
33281231122
33281231118
33281231117
33281231117
33281231110
26347868060
33281230335
33281230334
33281230334
33281230300
33281230299
33281230298
33281230298
33281230091
33281231109
33281231108
33281231108
33281231100
26347868061
33281230090
33281230089
33281230089
33281230057
33281230295
33281230296
33281230297
26347868062
33281230060
33281231102
33281230107
33281230307
33281231113
33281231099
33281231098
33281231098
33281231089
33281231092
26347868063
33281230056
33281230055
33281230055
33281230040
33281230038
33281230035
33281230035
33281229701
33281229733
33281229700
33281229698
33281229699
33281229634
26347868064
33281229633
33281229632
33281229632
33281229623
33281229612
33281229611
33281229611
33281229596
33281229595
33281229594
33281229594
33281229416
26347868065
33281229414
33281229412
33281229412
33281229203
33281229202
33281229200
33281229201
33281229070
33281229069
33281229068
33281229068
33281229005
26347868066
33281229004
33281229003
33281229003
33281228872
33281228871
33281228870
33281228870
33281228841
33281179647
33281179643
33281179643
33281179470
26347868067
26347868068
33281179641
33281179642
33281179644
33281179645
33281179646
33281229587
33281229588
33281229589
33281229590
33281229591
33281229592
33281229593
33281229432
33281230030
33281230031
33281230032
33281230033
33281230034
33281230037
33281229744
33281229719
33281230036
33281229067
33281229198
33281229199
33281229200
33281229086
33281229395
33281229396
33281229219
33281229397
33281229398
33281229399
33281229400
33281229401
33281229402
33281229403
33281229404
33281229405
33281229406
33281229407
33281229408
33281229409
33281229410
33281229411
33281229413
33281229697
33281229698
33281257809
33281179484
33281228844
33281229436
33281229749
33281228887
33281229015
33281229087
33281229231
33281229624
33281229649
33281230046
33281229873
33281229948
26347868069
33281229769
33281229919
33281229833
33281230039
26347868070
26347868071
26347867934
33281229981
33281229862
26347868073
26347868072
33281229791
33281229794
33281229842
26347868074
26347868076
26347868075
33281229817
33281229967
33281229888
26347868077
33281229931
26347868078
26347868079
33281229994
26347868080
26347868081
26347868082
26347868083
26347868084
26347868085
26347868086
26347868087
26347868088
26347868089
26347868090
26347868091
26347868092
26347868093
26347868094
26347868095
33281179207
26347868096
26347868097
26347868098
26347868099
26347868100
26347868101
26347868102
26347868103
26347868104
26347868105
26347868106
26347868107
26347868108
26347868109
26347868110
26347868111
26347868112
26347868113
26347868114
26347868115
26347868116
26347868117
26347868118
26347868119
26347868120
26347868121
26347868122
26347868123
26347868124
26347868125
26347868126
26347868127
26347868128
26347868129
26347868130
26347868131
26347868132
26347867935
26347868133
26347868134
26347868135
26347868136
26347868137
26347868138
26347868139
33281179223
26347868140
26347868141
26347868142
26347868143
26347868144
26347868145
26347868146
26347868148
26347868147
26347868152
26347868149
26347868150
26347868151
26347868153
26347868154
26347868155
26347868156
26347868157
26347868158
26347868159
26347868160
26347868161
26347868162
26347868163
26347868164
26347868165
33281179232
26347868166
26347868167
26347868168
26347868169
26347868170
26347868171
26347868172
26347868173
26347868174
26347868175
26347868176
26347868177
26347868178
26347868179
33281179248
26347868180
26347868181
26347868182
26347868183
26347868184
26347868185
26347868186
26347868187
26347868188
26347868189
26347868190
26347868191
33281179264
26347868192
26347868193
26347868194
26347868195
26347868196
26347868197
26347868198
26347868199
26347868200
26347868201
26347868202
26347868204
26347868203
33281179280
26347868205
26347868206
26347868207
26347868208
26347868209
26347868211
26347868210
26347868212
25830617027
25830617024
25830617025
25830617026
26347868213
26347868214
26347868215
33281179296
26347868216
26347868217
26347868219
26347868218
26347868220
26347868222
26347868221
26347868223
26347868224
26347868225
26347868227
26347868226
26347868228
33281179312
26347868229
26347868230
26347868232
26347868231
26347868234
26347868233
26347868235
26347868237
26347868236
26347868239
26347868238
26347868240
26347868242
26347868241
26347868244
26347868243
26347868246
26347868245
26347868248
26347868247
26347868250
26347868249
26347868252
26347868251
26347868254
26347868253
33281179328
26347868256
26347868255
26347868258
26347868257
26347868260
26347868259
26347868262
26347868261
26347868264
26347868263
26347868266
26347868265
26347868268
26347868267
26347868270
26347868269
26347868273
26347868271
26347868272
26347868275
26347868274
26347868277
26347868276
26347868279
26347868278
26347868282
26347868280
26347868281
26347868284
26347868283
26347868286
26347868285
26347868287
26347868289
26347868288
26347868291
26347868290
33281179344
26347868292
26347868294
26347868293
26347868296
26347868295
26347868299
26347868297
26347868298
26347868301
26347868300
26347868302
26347868304
26347868303
26347868305
26347868307
26347868306
26347868310
26347868308
26347868309
26347868313
26347868311
26347868312
26347868316
26347868314
26347868315
26347868318
26347868317
26347868319
26347868320
26347868322
26347868321
26347868323
26347868326
26347868324
26347868325
33281179360
26347868327
26347868328
26347868329
26347868330
26347868331
26347868332
26347868334
26347868333
26347868335
26347868336
26347868337
26347868338
26347868339
26347868340
26347868341
26347868342
26347868343
26347868344
26347868345
26347868346
33281179376
26347868347
26347868348
26347868349
26347868350
26347868351
26347868352
26347867936
26347868353
26347868354
26347868355
26347868356
26347868357
26347868358
26347868359
26347868360
26347868361
26347868362
26347868363
26347868364
26347868365
26347868366
26347868367
26347868368
26347868369
26347868370
26347868371
26347868372
26347868373
26347868374
26347868375
26347868376
26347868377
26347868378
33281179392
26347868379
26347868380
26347868381
26347868382
26347868383
26347868384
26347868385
26347868386
26347868387
26347868388
26347868389
26347868390
26347868391
26347868392
26347868393
26347868394
26347868395
26347868396
26347868397
26347868398
26347868399
26347868400
26347868401
26347868402
26347868403
26347868404
26347868405
26347868406
26347868407
26347868408
26347868409
26347868410
26347868411
26347868412
26347868413
26347868414
26347868415
26347868416
26347868417
26347868418
26347868419
33281179408
26347868420
26347868422
26347868421
26347868426
26347868423
26347868424
26347868430
26347868427
26347868428
26347868425
26347868429
26347868431
26347868432
26347868433
26347868434
26347868435
26347868436
26347868437
26347868438
26347868439
26347868440
26347868441
26347868442
26347868443
26347868444
33281179424
26347868445
26347868446
26347868447
26347868448
26347868449
33281229943
26347868450
26347868451
26347868452
26347868453
26347868454
26347868455
26347868456
26347868457
26347868458
26347868459
26347868460
26347868461
26347868462
26347868463
26347868464
26347868465
26347868466
26347868467
26347868468
26347868469
26347868470
26347868471
26347868472
26347868473
26347868474
26347868475
26347868476
26347868477
26347868478
26347868479
26347868480
26347868481
26347868482
26347868483
26347868484
26347868485
26347868486
26347868487
26347868488
26347868489
26347868490
26347868491
26347868492
26347868493
26347868494
26347868495
26347868496
26347868497
26347868498
26347868499
26347868500
26347868501
26347868502
26347868503
26347868504
26347868505
26347868509
26347868506
26347868507
26347868517
26347868510
26347868511
26347868512
26347868513
26347868508
26347868516
26347868514
26347868515
33281179440
26347868518
26347868519
26347868520
26347868521
26347868522
26347868523
26347868524
26347868525
26347868526
26347868527
26347868528
26347868529
26347868530
26347868531
26347868532
26347868533
26347868534
26347868535
26347868536
26347868537
26347868538
26347868539
26347868540
26347868541
26347868542
26347868543
33281179456
26347868544
26347868545
26347868546
26347868547
26347868550
26347868548
26347868549
26347868558
26347868551
26347868552
26347868553
26347868554
26347868555
26347868556
26347868557
26347868559
26347868560
26347868561
26347868562
26347868563
26347868564
26347868565
26347868566
26347868567
26347868568
26347868569
26347868570
33281230053
33281228840
33281228839
33281228839
33281228832
33281179469
33281179468
33281179468
33281179433
33281179431
33281179427
33281179427
33281179105
33281179104
33281179103
33281179103
33281179068
33281179423
33281179424
33281179425
33281179426
33281179428
33281179429
33281179430
33281179467
33281179072
33281179094
33281179093
33281179120
33281179440
33281228835
26347868571
33281228831
33281228830
33281228830
33281228823
33281228826
33281228822
33281228821
33281228821
33281228813
33281228816
26347868572
26347868573
33281179067
33281179066
33281259160
33281259179
33281146880
26347868574
33281146881
33281259151
33281146882
33281260105
26347868575
31696912412
31696912415
31696912411
31696912408
31696912389
31696912387
31696912385
31696912395
31696912407
31696912410
31696912414
31696912394
31696912416
31696912402
27078989103
25830617032
25830617028
25830617029
25830617030
25830617031
25830617033
25830617035
25830617034
25830617038
25830617036
25830617037
25830617042
25830617039
25830617040
25830617041
25830617047
25830617043
25830617044
25830617045
25830617046
25830617048
25830617050
25830617049
25830617053
25830617051
25830617052
25830617057
25830617054
25830617055
25830617056
25830617062
25830617058
25830617059
25830617060
25830617061
25830617063
25830617065
25830617064
25830617068
25830617066
25830617067
1629515776
1629515777
1629515778
1629515779
1629515780
1629515781
1629515782
1629515783
1629515784
1629515785
1629515786
1629515787
1629515788
1629515789
1629515790
1629515791
1629515792
1629515793
1629515794
1629515795
1629515796
1629515797
1629515798
1629515799
1629515800
1629515801
1629515802
1629515803
1629515804
1629515805
1629515806
1629515807
1629515808
1629515809
1629515810
1629515811
1629515812
1629515813
1629515814
1629515815
1629515816
1629515817
1629515818
1629515819
1629515820
1629515821
1629515822
1629515823
1629515824
1629515825
1629515826
1629515827
1629515828
1629515829
1629515830
1629515831
1629515832
1629515833
1629515834
1629515835
1629515836
1629515837
1629515838
1629515839
1629497344
1629497345
1629497346
1629497347
1629497348
1629497349
1629497350
1629497351
1629497352
1629497353
1629497354
1629497355
1629497356
1629497357
1629497358
1629497359
1629497360
1629497361
1629497362
1629497363
1629497364
1629497365
1629497366
1629497367
1629497368
1629497369
1629497370
1629497371
1629497372
1629497373
1629497374
1629497375
1629497376
1629497377
1629497378
1629497379
1629497380
1629497381
1629497382
1629497383
1629497384
1629497385
1629497386
1629497387
1629497388
1629497389
1629497390
1629497391
1629497392
1629497393
1629497394
1629497395
1629497396
1629497397
1629497398
1629497399
1629497400
1629497401
1629497402
1629497403
1629497404
1629497405
1629497406
1629497407
3426746548
1629505201
25830617072
25830617069
25830617070
25830617071
1629505202
1629505203
1629505204
1629505205
1629505206
1629505207
1629505208
1629505209
1629505210
1629505211
1629505212
1629505213
1629505214
1629505215
1629505153
1629505154
1629505155
1629505156
1629505157
1629505158
1629505159
1629505160
1629505161
1629505162
1629505163
1629505164
1629505165
1629505166
1629505167
1629505168
1629505169
1629505170
1629505171
1629505172
1629505173
1629505174
1629502233
1629502234
1629502235
1629502236
1629502237
1629502238
1629502239
1629502240
1629502241
1629502242
1629502243
1629502244
1629502245
1629502246
1629502247
1629502248
1629502249
1629502250
1629502251
1629502252
1629502253
1629502254
1629502255
1629502256
1629502257
1629502258
1629502259
1629502260
1629497408
1629497472
1629497409
1629497410
1629497411
1629497412
1629497413
1629497414
1629497415
1629497416
1629497417
1629497418
1629497419
1629497420
1629497421
1629497422
1629497423
1629497424
1629497425
1629497426
1629497427
1629497428
1629497429
1629497430
1629497431
1629497432
1629497433
1629497434
1629497435
1629497436
1629497437
1629497438
1629497439
1629497440
1629497441
1629497442
1629497443
1629497444
1629497445
1629497446
1629497447
1629497448
1629497449
1629497450
1629497451
1629497452
1629497453
1629497454
1629497455
1629497456
1629497457
1629497458
1629497459
1629497460
1629497461
1629497462
1629497463
1629497464
1629497465
1629497466
1629497467
1629497468
1629497469
1629497470
1629497471
4501540931
24417010695
25830617077
25830617073
25830617074
25830617075
25830617076
15581858583
15581849455
15581849455
9777016900
9777016901
9777016902
9777016903
9777016904
9777016905
9777016906
9777016907
9777016908
9777016909
9777016910
9777016911
9777016912
9777016913
9777016914
9777016915
9777016948
9777016949
9777016950
9777016951
9777016952
9777016953
9777016954
9777016955
9777016956
9777016957
9777016958
9777016959
9777016960
9777016961
9777016962
9777016963
9777016576
9777016577
9777016578
9777016579
9777016580
9777016581
9777016582
9777016583
9777016584
9777016585
9777016586
9777016587
9777016588
9777016589
9777016590
9777016591
9777016800
9777016801
9777016802
9777016803
9777016804
9777016805
9777016806
9777016807
9777016808
9777016809
9777016810
9777016811
9777016812
9777016813
9777016814
9777016815
25830617078
25830617080
25830617079
25830617083
25830617081
25830617082
31696863233
27078989695
27078989686
27078989690
25830617087
25830617084
25830617085
25830617086
25830617092
25830617088
25830617089
25830617090
25830617091
2604686888
2604686889
2604686890
12373201040
12373201041
2604686892
2604686891
12373201042
12373201043
2604686893
2604686894
2604686895
12373202540
12373202541
2604686897
2604686896
12373202542
12373202543
25830617093
25830617095
25830617094
32441644302
32441644549


