32887597806
31738214902
31738214927
31738214926
31738214871
31738214925
31738214890
34357852505
31738214915
23319552400
31738214878
23319552403
23319552403
31738214869
31738214861
31738214844
31738214860
34357852504
31738214404
31738214402
31738214402
31738213888
31738213924
31738214913
31738214841
31738214842
31738214399
31738214400
31738214401
31738214403
31738213913
31738214088
31738214410
31738214069
31738214199
31738214104
31738214277
31738213947
31738214417
31738214411
31738214173
31738214409
31738214047
31738213928
31738214405
31738214185
31738214301
23319552401
31738213959
31738214061
23319600458
23319600459
31738214137
31738214124
34072996712
34072996714
34072996715
34072996717
34072996719
34072996721
34072996724
34072996723
34072996726
34072996728
34072996730
34072996731
34072996733
34072996735
34072996737
34072996739
34072996740
34072996742
34072996744
34072996746
34072996747
34072996749
34072996751
34072996753
34073004323
34073004325
34073004327
34073004329
34073004331
34073004332
34073004334
34073004336
34073004338
34073004341
34073004340
34073004343
34073004345
34073004347
34073004348
34073004350
34073004352
34073004354
34073004357
34073004356
34073004359
34073004361
34073004363
34073004364
34073004366
34073004368
34073004370
34073004372
34073004373
34073004375
34073004377
34073004379
34073004380
34073004382
34073004384
34073004386
34073004216
34073004218
34073004220
34073004222
34073004224
34073004225
34073004227
34073004229
34073004231
34073004234
34073004233
34073004236
34073004238
34073004240
34073004241
34073004243
34073004245
34073004247
34073004250
34073004249
34073004252
34073004254
34073004256
34073004257
34073004259
34073004261
34073004263
34073004265
34073004266
34073004268
34073004270
34073004272
34073004273
34073004275
34073004277
34073004279
34073003560
34073003562
34073003564
34073003566
34073003568
34073003569
34073003571
34073003573
34073003575
34073003578
34073003577
34073003580
34073003582
34073003584
34073003585
34073003587
34073003589
34073003591
34073003594
34073003593
34073003596
34073003598
34073003600
34073003601
23319600461
23319600460
34073003603
34073003605
34073003607
34073003609
34073003610
34073003612
34073003614
34073003616
34073003617
34073003619
34073003621
34073003623
34073003496
34073003498
34073003500
34073003502
34073003504
34073003505
2071987777
2071987778
2071987779
2071987780
2071987781
2071987782
2071987783
34073003507
2071987784
2071987785
2071987786
2071987787
2071987788
2071987789
2071987790
2071987791
34073006818
34073006819
34073006820
34073003509
34073003511
34073003514
34073003512
2071989464
2071986496
2604689280
2604689281
2604689282
12373200982
12373200983
23319600464
23319600462
23319600463
23319600468
23319600465
23319600466
23319600467
23319600473
23319600469
23319600470
23319600471
23319600472
23319600474
23319600476
23319600475
23319600479
23319600477
23319600478
23319600483
23319600480
23319600481
23319600482
23319600488
23319600484
23319600485
23319600486
23319600487
31738214158
31738214405
26347868644
26347868640
26347868648
26347868641
26347868642
26347868643
26347868645


