34072997877
32161237230
34072997879
34072997881
34072997754
34072997756
34072997758
34072997760
34072997761
34072997763
34072997765
34072997767
34072997769
34072997770
34072997772
34072997774
34072997776
34072997777
34072997779
34072997781
34072997783
34072997785
34072997786
34072997788
34072997790
34072997792
34072997795
34072997794
34072997797
34072997799
34072997801
34072997802
34072997804
34072997806
34072997808
34072997811
34072997810
34072997813
34072997815
34072997817
34072997690
34072997692
34072997694
34072997696
34072997698
34072997699
30979395071
30979395072
30979395096
30979395095
30979395040
30979395094
30979395084
30979395052
24457512908
24457512911
24457512911
30979395038
34357443130
30979395030
30979395013
30979395029
34357443129
30979394564
30979394562
30979394562
30979394048
30979394084
30979395010
30979395011
30979394559
30979394560
30979394561
30979394563
30979394073
30979394248
30979394570
30979394229
30979394359
30979394264
30979394437
30979394107
30979394577
30979394571
30979394333
30979394569
30979394207
30979394088
30979394565
30979394345
30979394461
24457512909
30979394119
30979394221
24457640800
24457640801
30979394297
30979394284
34072997701
34072997703
34072997705
34072997708
34072997707
34072997710
34072997712
34072997714
34072997715
34072997717
34072997719
34072997721
34072997724
34072997723
34072997726
34072997728
34072997730
34072997731
34072997733
34072997735
34072997737
34072997739
34072997740
34072997742
34072997744
34072997746
34072997747
34072997749
34072997751
34072997753
34072997626
34072997628
34072997630
34072997632
34072997634
34072997635
34072997637
34072997639
34072997641
34072997644
34072997643
34072997646
34072997648
34072997650
34072997651
34072997653
34072997655
34072997657
34072997660
34072997659
34072997662
34072997664
34072997666
34072997667
34072997669
34072997671
34072997673
34072997675
34072997676
34072997678
34072997680
34072997682
34072997683
34072997685
34072997687
34072997689
34072997105
34072997107
34072997109
34072997111
34072997113
34072997114
34072997116
34072997118
34072997120
34072997123
34072997122
34072997125
34072997127
34072997129
34072997130
34072997132
34072997134
34072997136
34072997139
34072997138
34072997141
34072997143
34072997145
34072997146
34072997148
34072997150
34072997152
34072997154
34072997155
34072997157
34072997159
34072997161
34072997162
34072997164
34072997166
34072997168
34072997041
34072997043
34072997045
34072997047
34072997049
34072997050
34072997052
34072997054
34072997056
34072997059
34072997058
34072997061
34072997063
34072997065
34072997066
34072997068
34072997070
34072997072
34072997075
34072997074
34072997077
34072997079
34072997081
34072997082
34072997084
34072997086
34072997088
34072997090
34072997091
34072997093
34072997095
34072997097
34072997098
34072997100
34072997102
34072997104
34072996882
34072996884
34072996886
34072996888
34072996890
34072996891
34072996893
34072996895
34072996897
34072996900
34072996899
34072996902
34072996904
34072996906
34072996907
34072996909
34072996911
34072996913
34072996916
34072996915
34072996918
34072996920
34072996922
34072996923
34072996925
34072996927
34072996929
34072996931
34072996932
34072996934
34072996936
34072996938
34072996939
34072996941
34072996943
34072996945
34072996818
34072996820
34072996822
34072996824
34072996826
34072996827
34072996829
34072996831
34072996833
34072996836
34072996835
34072996838
34072996840
34072996842
34072996843
34072996845
34072996847
34072996849
34072996852
34072996851
34072996854
34072996856
34072996858
34072996859
34072996861
34072996863
34072996865
34072996867
34072996868
34072996870
34072996872
34072996874
34072996875
34072996877
34072996879
34072996881
34072996754
34072996756
34072996758
34072996760
34072996762
34072996763
34072996765
34072996767
34072996769
34072996772
34072996771
34072996774
34072996776
34072996778
34072996779
34072996781
34072996783
34072996785
34072996788
34072996787
34072996790
34072996792
34072996794
34072996795
34072996797
34072996799
34072996801
34072996804
34072996803
34072996806
34072996808
34072996810
34072996811
34072996813
34072996815
34072996817
34072996690
34072996692
34072996694
34072996696
34072996698
34072996699
34072996701
34072996703
34072996705
34072996708
34072996706
34072996710
34072996712
34072996714
34072996715
34072996717
34072996719
34072996721
34072996724
34072996723
34072996726
34072996728
34072996730
34072996731
24457640803
24457640802
34072996733
34072996735
34072996737
34072996740
34072996739
34072996742
34072996744
34072996746
34072996747
34073006896
34072996749
34072996751
34072996753
34072996580
34072996582
34073006818
34073006819
34073006820
34072996584
34072996586
34072996588
34072996589
2604690577
2604690576
12373200936
12373200937
24457640806
24457640804
24457640805
24457640810
24457640807
24457640808
24457640809
24457640815
24457640811
24457640812
24457640813
24457640814
24457640816
24457640818
24457640817
24457640821
24457640819
24457640820
24457640825
24457640822
24457640823
24457640824
24457640830
24457640826
24457640827
24457640828
24457640829
26347868596
26347868597
24457640831
26347868598
33281259173
26347868599
26347868600
26347868601
26347868602
27078989906
27078989909
27078989907
27078989908
26347868603
27078989911
27078989910
27078989913
27078989912
27078989915
27078989914
20999172
27078990469
27078990468
27078990472
27078990470
27078990471
27078990473
31696764948
27078990475
27078990474
27078990477
27078990476
27078990479
27078990478
31696822267
31696830462
31696781313
31696830461
31696781314
31696781315
31696781316
31696781317
31696781318
31696830460
31696732610
31696732611
31696781319
31696781320
31696781322
31696781334
31696781323
31696781324
31696781325
31696781326
31696781327
31696781328
31696781329
31696781330
31696781331
31696781332
31696781333
31696732612
31696732613
31696732614
31696732615
31696732619
31696732616
31696732617
31696732620
31696732732
31696732732
31696732622
31696732623
31696732624
31696732625
31696732618
31696781375
31696781336
31696781338
31696732626
31696781340
31696781342
31696732634
31696732627
31696732628
31696732629
31696732630
31696781344
31696781346
31696781348
31696781350
31696781352
31696781354
31696781357
31696781359
31696781361
31696781363
31696781365
31696781367
31696781369
31696781371
31696781373
31696781376
31696732638
31696732635
31696732636
31696732637
31696781377
31696781378
31696781379
31696781380
31696781381
31696781382
31696781383
31696781384
31696781385
31696781386
26347819760
31696781387
34356354870
34356354869
34356354868
34356354867
34356354866
31696781388
31696781389
33281176979
31696781390
33281176995
31696781391
31696781392
31696781393
33281176978
31696781394
33281176977
33281114112
33281176976
33281114113
33281228829
33281176975
33281176974
33281176973
33281176972
33281176971
33281176970
33281176969
33281176968
33281176967
33281176966
33281176965
33281176964
33281176963
33281176962
33281176961
33281114114
33281114130
33281114115
33281114116
33281114117
33281114118
33281114119
33281114120
33281114121
33281114122
33281114123
33281114124
31696781395
33281114140
33281114131
33281114132
33281114133
33281114134
33281114135
33281114136
33281114137
33281114138
33281114139
31696781396
31696781397
31696781398
31696781399
31696781400
31696781401
31696781402
26347868613
26347868604
26347868605
26347868606
26347868607
26347868608
26347868609
26347868610
26347868611
26347868612
26347868623
31696781403
26347868614
26347868615
26347868616
26347868617
26347868618
26347868619
26347868620
26347868621
26347868622
26347868625
26347868624
26347868627
26347868626
31696781404
26347868631
26347868628
26347868629
26347868630
26347868639
26347868632
26347868633
31696781405
26347868634
26347868655
26347868640
26347868641
26347868642
26347868643
26347868644
26347868645
26347868646
26347868647
26347868648
26347868649
26347868650
31696781406
31696781407
31696781408
24457640833
24457640832
31696781409
31696781410
31696781411
31696781412
31696781413
31696781414
31696781415
31696781416
31696781417
31696781418
31696781419
31696781420
31696781421
33281260051
33281260042
27078989644
31696880366
33281240570
33281196038
33281196037
33281196040
33281196039
33281196044
33281196041
33281196042
33281196043
33281196052
33281196045
33281196046
33281196047
33281196048
33281196049
33281196050
33281196051
31696830459
31696880367
31696880368
31696781443
31696781422
31696781423
31696781424
31696781425
31696781426
31696781428
20972336
20978184
20978185
20978186
20978187
20978188
20978189
20978190
20978191
20978192
20978193
20978194
21002090
20972474
21002088
20972475
21002089
20972476
20972477
20997600
20997601
20997602
20997603
20997440
20997441
20997442
20997443
20971699
20977270
20971734
20972451
20972450
20997596
20997597
20997598
20997599
31696781429
31696781430
31696781431
21002124
31696781432
31696781433
31696781434
31696781435
31696781436
31696781437
31696781438
31696781439
31696781440
31696781441
31696781442
31696781444
31696781445
27078990229
31696781446
31696880509
31696880510
31696880511
31696880512
31696880513
31696880514
31696880515
31696880516
31696880517
31696880518
31696781447
31696781448
31696880556
31696781449
31696781450
31696781451
31696880546
31696880547
31696880548
31696880549
31696880550
31696880551
31696880552
31696880553
31696880554
31696880555
31696781452
31696880196
31696880186
31696880187
31696880188
31696880189
31696781453
31696781454
31696781455
31696781456
31696781457
31696880190
31696880191
31696880192
31696880193
31696880194
31696880195
31696880487
31696880478
31696880479
31696880480
31696880481
31696880482
31696880483
31696880484
31696880485
31696880486
31696781458
31696764949
31696781459
31696880275
31696879695
31696880488
31696880272
31696781460
31696781461
31696764933
31696880578
31696880470
31696880431
31696880432
31696880559
31696880433
31696880434
31696880560
31696880435
31696880436
31696880561
31696880437
31696880438
31696880562
31696880439
31696880440
31696880563
31696781462
31696880441
31696880442
31696880564
31696880443
31696880444
31696880565
31696880445
31696880446
31696880566
31696880447
31696880448
31696880567
31696880449
31696880450
31696880568
31696880451
31696880452
31696880569
31696880453
31696880454
31696880570
31696781463
31696880455
31696880456
31696880571
31696880457
31696880458
31696880572
31696880459
31696880460
31696880573
31696880461
31696880462
31696880574
31696880463
31696781464
31696880464
31696880575
31696880465
31696880466
31696880576
31696880467
31696880468
31696880577
31696880469
31696781466
31696781465
31696781467
31696781468
31696781469
31696781470
31696781471
31696781472
31696781473
31696781474
31696781475
31696781476
31696781477
31696781478
31696781479
31696781480
24457640836
24457640834
24457640835
31696781502
31696781481
31696781482
31696781483
31696781484
31696781485
31696781487
31696781488
31696781489
31696781490
31696781491
31696781492
31696781493
31696781494
31696781495
31696781496
31696781497
31696781498
31696781499
31696781500
31696781501
31696781503
31696781504
31696781505
31696781506
31696781507
31696781508
31696781509
31696781510
31696781511
31696781512
31696781513
31696781514
31696781515
31696781516
31696781517
31696781518
31696781519
31696781520
31696781521
31696781522
31696781524
31696781523
31696781525
31696781526
31696781527
31696781528
31696781529
31696781530
31696781531
31696781532
31696781533
31696781534
31696781535
31696781536
31696781537
31696781538
31696781560
31696781539
31696781540
31696781541
31696781543
31696781544
31696781545
31696781546
31696781547
31696781548
31696781549
31696781550
31696781551
31696781552
31696781553
31696781554
31696781555
31696781556
31696781557
31696781559
31696781561
31696781562
31696781563
31696781564
31696781565
31696781566
31696781567
31696880489
31696732371
31696969916
3384806038
3384818388
3384831608
3384828788
3384830980
3384831824
3384825244
3384825264
3384822372
3380609120
31696781568
31696781569
31696781570
31696781571
31696781572
31696781573
31696781574
31696781575
31696781576
31696781577
31696781578
31696781579
31696781580
31696781581
31696781582
31696781583
31696781584
31696781585
31696781586
31696781587
31696781588
31696781589
31696781590
31696781591
31696781592
31696781593
31696781594
31696781595
31696781596
31696781617
31696781597
31696781598
31696781599
31696781600
31696781601
31696781602
31696781603
31696781604
31696781605
31696781606
31696781607
31696781608
31696781609
31696781610
31696781611
31696781612
31696781613
31696781614
31696781615
31696781616
31696781618
31696781619
31696781620
31696781621
31696781622
31696781623
31696781624
31696781625
31696781626
31696781627
31696781628
31696781629
31696781630
31696781631
31696781632
31696781633
31696781634
31696781635
31696781636
31696781637
31696781638
31696781639
31696781640
31696781641
31696781642
31696781643
31696781644
31696781645
31696781646
31696781647
31696781648
31696781649
31696781650
31696781651
31696781652
31696781653
31696781654
31696781676
31696781655
31696781657
31696781658
31696781659
31696781660
31696781661
31696781662
31696781663
31696781664
31696781665
31696781666
31696781667
31696781668
31696781669
31696781670
31696781671
31696781673
31696781674
31696781675
31696781677
31696781678
31696781679
31696781680
31696781681
31696781682
31696781683
31696781684
31696781685
31696781686
31696781687
31696781688
31696781689
31696781690
31696781691
31696781692
24457640840
24457640837
24457640838
24457640839
31696781693
31696781694
31696781695
31696781696
31696781698
31696781697
31696781699
31696781700
31696781701
31696781702
31696781703
31696781704
31696781705
31696781706
31696781707
31696781708
31696781709
31696781710
31696781711
31696781712
31696781733
31696781713
31696781714
31696781715
31696781716
31696781717
31696781718
31696781719
31696781720
31696781721
31696781722
31696781723
31696781725
31696781726
31696781727
31696781728
31696781729
31696781730
31696781731
31696781732
31696781734
31696781735
31696781736
31696781737
31696781738
31696781739
31696781740
31696781741
31696781742
31696781743
31696781744
31696781745
31696781746
31696781747
31696781748
31696781749
31696781750
31696781751
31696781752
31696781753
31696781755
31696781754
31696781756
31696781757
31696781758
31696781759
31696781760
31696781761
31696781762
31696781763
31696781764
31696781765
31696781766
31696781767
31696781768
31696781769
31696781770
31696781771
31696781772
31696781773
31696781774
31696781775
31696781776
31696781777
31696781778
31696781779
31696781780
31696781781
31696781782
31696781783
31696781784
24457640845
24457640841
24457640842
24457640843
24457640844
24457640846
24457640848
24457640847
24457640851
24457640849
24457640850
24457640855
24457640852
24457640853
24457640854
24457640860
24457640856
24457640857
24457640858
24457640859
31696822266
31696748615
31696748632
31696822265
31696748616
31696748618
31696748617
24457640861
24457640863
24457640862
24457640866
24457640864
24457640865
24457640870
24457640867
24457640868
24457640869
3498049564
26370370757
3502244461
3502251069
34355658628
32091866479
32091866211
26370370648
26370370854
32091871797
26370370850
34355658628
26370370847
32091871769
26370371030
32091866138
26370370750
3502248672
32091862520
32091866479
32091872649
31744808954
31744811003
31744813052
31744815101
31744817150
31744819199
32091670067
32091670092
32091672141
32091674190
32091676239
32091842128
32091844177
32091846226
32091848282
32091850370
32091852419
32091854468
32091856517
32091871793
26370350146
26370370648
26370370854
26370370850
26370370847
26370371030
3498050060
3498050059
3498050058
3498050057
3498050056
26370350066
26370370843
26370352154
26370369118
32091866272
26370334044
32091871785
32091866265
26370370584
32091866255
26370334030
26370370750
26370327429
32091866051
32091866480
32091866019
32091866377
33866306591
3502243897
33866306592
33866306616
33866306615
3502243878
33866306560
33866306614
3502244504
3502244288
34357032057
3502244460
33866306606
3502244320
34355658629
3502252333
3498050056
3502245238
3502252330
3502252331
3502243881
3502243945
3502252336
3502245369
3502243989
33866306572
3502243988
3502252328
3502251687
24703290292
3502251686
3502245777
24703290323
3502244990
24703290323
3502244698
3502251685
33866306558
3502248585
3502252034
3502244866
26370370852
13916951925
3502243913
3502243912
33866306550
13916950901
3502243842
3502244984
3502243937
3502243870
33866306533
3502244988
33866306549
34357032056
33866306052
33866306050
33866306050
3502243933
33866305536
33866305572
33866306530
33866306531
33866306047
3502244304
33866306048
3502244003
33866306049
33866306051
33866305561
34355658630
3502245660
3502245659
13916952437
3502243903
3502243885
33866305736
33866306058
33866305717
3502244290
3502252351
33866305847
3502244485
33866305752
3502243871
3502244486
26370370790
3502251010
3502251068
13916958069
26370370851
24703290322
3502243923
3502245368
3502243900
32091862519
3502243920
3502244014
3502243844
3502243908
3502243924
26370370840
26370370839
3502243904
31744811002
31744811003
33866305925
33866305595
3498050060
3502243972
33866306065
33866306059
33866305821
33866306057
3502243868
3502243936
3502243864
33866305695
3502244055
33866305576
3502243875
33866306053
3502243876
34355658626
34355658627
34355658625
33866305833
3502243953
33866305949
26370370759
24703290296
3502245256
33866305607
33866305781
24703290315
24703290326
24703290318
33866305970
33866305709
24703324275
24703324276
33866305620
33866305679
33866305641
33866305988
33866305959
33866305774
31614697249
31614697274
31614697273
31614697218
31614697272
31614697247
31614697264
31614697262
31614697230
24023025583
24023025614
24023025614
31614697216
31614697208
34356831892
31614697191
31614697207
31614696964
31614696962
31614696962
31614696448
31614696484
31614697188
31614697189
31614696959
31614696960
31614696961
31614696963
31614696473
31614696648
31614696970
31614696629
31614696759
31614696664
24023025613
31614696837
31614696507
31614696977
31614696971
31614696733
31614696969
31614696607
31614696488
31614696965
31614696745
31614696861
24023025587
31614696519
31614696693
24023025606
24023025617
24023025609
31614696882
31614696621
24023030331
24023030332
31614696532
31614696591
31614696553
31614696900
31614696871
24023030333
24023030335
31614696686
26370371031
13916950903
26370371032
26370370622
3502243845
3502245776
3502248497
26370371034
3502244303
3502252332
3502243947
3502244302
24457640875
24457640871
24457640872
24457640873
24457640874
3502243946
3502244076
31759270292
31759270292
3502252345
3498049564
26370370757
34355658628
32091866479
32091866211
26370370648
26370370854
32091871797
26370370850
34355658628
26370370847
26370371030
26370370750
32091871769
32091862520
32091866138
3502248672
32091866479
32091872649
31744808954
31744811003
31744813052
31744815101
31744817150
31744819199
32091670067
32091670092
32091672141
32091674190
32091676239
32091842128
32091844177
32091846226
32091848282
32091850370
32091852419
32091854468
32091856517
32091871793
26370350146
26370370648
26370370854
26370370850
26370370847
26370371030
3498050060
3498050059
3498050058
3498050057
3498050056
26370350066
26370370843
26370352154
26370369118
32091866272
26370334044
32091871785
32091866265
26370370584
32091866255
26370334030
26370370750
26370327429
32091866051
32091866480
32091866019
32091866377
30879436123
30879436148
30879436147
30879436092
30879436146
3502243897
30879436111
30879436128
3502243878
3502244504
3502244288
30879436136
3502244460
3502244320
34355658629
3502251686
3498050056
3502245777
23020043867
3502251685
3502245369
23020043898
3502252336
23020043898
3502243842
30879436090
3502244984
3502243937
30879436082
3502244988
30879436094
34358730823
30879436065
30879436081
3502243933
30879435780
30879435778
30879435778
3502244304
30879435264
3502244003
30879435300
34355658630
30879436062
3502245660
3502245659
30879436063
26370370852
13916952437
3502243903
30879435775
3502243885
30879435776
30879435777
3502244290
30879435779
3502252351
30879435289
3502244485
3502243871
3502244486
26370370790
3502244076
3502243923
3502243900
30879435464
32091862519
3502243920
30879435786
3502244014
30879435445
3502243844
30879435575
3502243908
30879435480
3502243924
26370370840
26370370839
3502243904
23020043897
31744811002
31744811003
3498050060
3502243972
3502243868
3502243936
3502243864
3502244055
3502243875
3502243876
34355658626
34355658627
30879435653
34355658625
30879435323
30879435793
30879435787
30879435549
3502243953
30879435785
3502243870
26370370759
30879435423
3502245256
30879435304
30879435781
30879435561
30879435677
23020043871
30879435335
30879435509
23020043890
23020043901
23020043893
30879435698
30879435437
23020107726
30879435348
30879435407
30879435369
30879435716
23020107727
23020043887
30879435687
30879435502
32871261976
32871262001
32871262000
32871261945
32871261999
32871261964
34357980257
32871261989
32871261985
24194692761
24194692795
24194692795
32871261943
32871261935
32871261947
32871261918
32871261934
32871261917
32871261916
32871261916
32871261867
34357980256
32871261700
32871261698
32871261698
32871261184
32871261220
32871261936
32871261182
32871261181
32871261181
32871260960
32871261866
32871261865
32871261865
32871261854
32871260958
32871260954
32871260954
32871260632
32871261852
32871261851
32871261850
32871261850
32871261818
32871261817
32871261816
32871261816
32871261768
32871260631
32871260630
32871260630
32871260446
32871261853
32871261767
32871261766
32871261766
32871261731
32871261729
32871261727
32871261695
32871261696
32871261697
32871261699
32871261209
32871261384
32871261706
32871261365
32871261495
32871261400
32871261644
32871260950
32871260951
32871260952
32871260953
32871260955
32871260956
32871260957
32871261171
32871261172
32871261173
32871261174
32871260976
32871261175
32871261176
32871261177
32871261178
32871261179
32871261180
32871261911
32871261912
32871261913
32871261914
32871261915
24194692792
24194692793
24194692794
32871261726
32871261728
32871261573
32871261243
32871261713
32871261707
32871261469
32871261705
32871261343
32871261224
32871261701
32871261481
32871261597
32871261735
32871261757
32871261347
24194775506
32871261652
32871261756
32871261255
32871260450
32871261771
32871261821
32871260647
32871261857
32871260982
32871261880
24194692772
32871261701
24194692828
32871261896
24194692786
32871261616
32871258624
32871258649
32871258661
32871258706
32871260016
32871258737
32871259300
24194775507
24194775508
24194775520
24194775509
24194775510
24194775511
24194775512
24194775513
24194775514
24194775515
24194775516
24194775517
24194775518
24194775519
24194775528
24194775521
24194775522
24194775523
24194775524
24194775525
24194775526
24194775527
24194775536
24194775529
24194775530
24194775531
24194775532
24194775533
24194775534
24194775535
32871261901
32871261918
32871261934
32871261918
32871261934
32871260445
32871260444
32871260444
32871260432
24194775537
32871260436
32871261317
32871260442
32871261421
24194775545
32871261271
24194775538
32871261289
32871261296
32871261429
32871260399
32871260366
24194775540
24194775539
24194775552
24194775541
24194775542
24194775543
24194775544
24194775546
24194775547
24194775548
24194775549
24194775550
24194775551
24194775553
32871261610
32871260332
32871261944
32871261937
32871260175
32871260179
32871260177
32871260180
32871260181
32871260182
32871260183
32871260184
32871260185
32871260186
32871260187
32871260188
32871260189
32871260190
32871260191
32871260192
32871260193
32871260194
32871260195
32871260196
32871260197
32871260198
32871260199
32871260200
32871260201
32871260202
32871260203
32871260204
32871260205
32871260206
32871260207
32871260208
32871260209
32871260210
32871260211
32871260212
32871260213
32871260214
32871260215
32871260216
32871260217
32871260218
32871260219
32871260220
32871260221
32871260222
32871260223
32871260224
32871260225
32871260226
32871260227
32871260228
32871260229
32871260230
32871260231
32871260232
32871260233
32871260234
32871260235
32871260236
32871260237
32871260238
32871260239
32871260240
32871260241
32871260242
32871260243
32871260244
32871260245
32871260246
32871260247
32871260248
32871260249
32871260250
32871260251
32871260252
32871260253
32871260254
32871260178
32871260176
32871260255
32871260256
32871260257
32871260258
32871260259
32871260260
32871260261
32871260262
32871260263
32871260264
32871260265
32871260266
32871260267
32871260268
32871260269
32871260270
32871260271
32871260272
32871260273
32871260274
32871260275
32871260276
32871260277
32871260278
32871260279
32871260280
32871260281
32871260282
32871260283
32871260284
32871260285
32871260286
32871260287
32871260288
32871260289
32871260290
32871260291
32871260292
32871260293
32871260294
32871260295
32871260296
32871260297
32871260298
32871260299
32871260300
32871260301
32871260302
32871260303
32871260304
32871260305
32871260306
32871260307
32871260308
32871260309
32871260310
32871260311
32871260312
32871260313
32871260314
32871260315
32871260316
32871260317
32871260318
32871260319
32871260320
32871260321
32871260322
32871260323
32871260324
32871260325
32871260326
32871260327
32871260328
32871260329
32871260330
32871260331
24457640876
24194775554
24194775555
24194775556
24194775557
24194775558
24194775559
24194775560
24194775561
24194775562
24194775563
24194775564
24194775565
24194775566
24194775567
24194775568
24194775569
24194775570
24194775571
24194775572
24194775573
24194775574
24194775575
24194775576
24194775577
24194775578
24194775579
24194775580
24194775581
24194775582
24194775583
32871260367
24194775584
24194775585
24194775587
24194775586
24194775588
24194775589
24194775590
24194775591
24194775592
24194775593
24457640878
24457640877
24194775594
24194775595
24194775596
24194775597
24194775598
24194775599
24194775600
24194775601
24194775602
24194775603
24194775604
24194775605
24194775606
24194775607
24194775608
24194775609
24194775610
24194775611
24194775612
24194775613
24194775614
24194775615
24194775616
24194775617
24194775618
24194775619
24194775620
24194775621
24194775622
32871260364
34357980255
26370371031
13916950903
26370371032
3502248497
26370370622
3502243845
3502245776
31759270264
31759270265
31759270266
31759270267
26370371034
3502244303
3502252333
3502243947
3502244302
3502252034
3502252328
3502248496
31759270352
31759270353
31759270354
31759270355
32871261454
32871261124
32871260890
32871261847
32871261804
32871260616
3502244056
3502250876
3502243965
3502244989
3502244013
3502243861
3502244012
3502250854
3502250955
3502250956
3502250957
3502244119
3502244079
13916951415
31759270464
3502245766
3502243989
3502243988
3502244990
3502243946
31759270292
31759270292
3502252345
3502245535
3502243932
34355658624
3502244544
3502243928
3498049564
26370370757
13916950901
3502244326
3502251687
3502244698
3502243881
3502252330
3502244981
3502243866
3502243867
3502243945
3502252331
3502244461
26370370851
13916958069
3502251068
3502251010
13916955509
3502248498
3502248499
3502243853
3502251069
3502243896
13916951925
3502244866
3502245238
3502252332
3502252329
3502243913
3502243912
34355658624
32091866479
32091866211
26370370648
26370370854
32091871797
26370370850
34355658624
32091871769
26370370847
26370371030
32091866138
26370370750
3502248672
32091862520
32091866479
32091872649
31744808954
31744811003
31744813052
31744815101
31744817150
31744819199
32091670067
32091670092
32091672141
32091674190
32091676239
32091842128
32091844177
32091846226
32091848282
32091850370
32091852419
32091854468
32091856517
32091871793
26370350146
26370370648
26370370854
26370370850
26370370847
26370371030
3498050060
3498050059
3498050058
3498050057
3498050056
26370350066
26370370843
26370352154
26370369118
32091866272
26370334044
32091871785
32091866265
26370370584
32091866255
26370334030
26370370750
26370327429
32091866051
32091866480
32091866019
32091866377
30347003762
3502243896
30347003787
30347003786
30347003731
3502243878
30347003785
3502244504
30347003750
3502244288
3502244460
30347003777
34355658625
3502252332
3498050056
3502245238
3502252329
3502243881
3502243945
30347003775
3502245369
3502252330
3502252328
3502243989
3502243988
3502251686
3502251687
3502252333
3502245777
30347003743
3502244990
3502244698
27166541210
3502248497
3502252336
27166541241
3502252331
3502244866
27166541241
26370370852
13916951925
30347003729
3502243913
3502243912
13916950901
34358579844
3502243842
30347003721
3502244984
3502243937
3502244988
30347003704
30347003720
34358579843
30347003396
30347003394
30347003394
30347002880
30347002916
3502243933
30347003701
30347003702
30347003391
30347003392
30347003393
30347003395
30347002905
3502244304
3502244003
34355658626
30347003080
30347003402
3502245660
3502245659
30347003061
13916952437
3502243903
30347003191
3502243885
30347003096
3502244290
27166541240
3502252351
3502244485
3502243871
3502244486
26370370790
3502251010
3502251068
13916958069
26370370851
3502243876
34355658630
3502243875
3502244014
3502243897
3502244320
3502244076
30347003269
30347002939
30347003409
30347003403
3502243923
30347003165
30347003401
30347003039
30347002920
3502243900
32091862519
30347003397
3502243920
3502243844
3502243908
3502243924
30347003177
30347003293
26370370840
26370370839
27166541214
3502243904
31744811002
31744811003
30347002951
3498050060
30347003125
3502245766
27166541233
27166541244
27166541231
27166541236
30347003314
3502243868
3502243936
30347003053
3502243864
3502244055
34355658627
27166619102
34355658628
34355658629
27166619103
3502243953
30347002964
3502243870
26370370759
3502245256
30347003023
30347002985
30347003332
30347003303
30347003118
33625404424
33625404449
33625404448
33625404393
33625404447
33625404412
33625404439
33625404433
24212444346
24212444689
24212444689
33625404391
33625404383
33625404395
34359477256
24212444366
33625404366
33625404365
33625404364
33625404364
33625404314
33625404382
33625403908
33625403906
33625403906
33625403392
33625403428
24212444377
33625404384
33625404311
33625404312
33625403903
33625403904
33625403905
33625403907
33625403417
33625403592
33625403914
33625403573
33625403703
33625403608
33625404361
33625404362
33625404363
33625403852
24212444686
24212444687
24212444688
24212444690
24212444384
24212444691
24212444692
24212444693
24212444694
24212444695
24212444696
24212444697
33625403781
33625403451
33625403921
33625403915
33625403677
33625403913
33625403551
33625403432
33625403909
33625403689
33625403805
33625404328
24212444398
33625403463
24212444699
24212444413
33625403534
24212444514
33625403555
33625403824
24212653438
33625401856
33625401881
33625401893
33625401938
33625403248
33625401969
33625402532
24212653439
24212444706
24212444620
33625404376
33625403909
33625403637
24212444564
33625404392
33625404385
24212444492
24212444448
24212444559
24212444700
24212444435
24212444427
24212653441
24212653440
24212653442
24212653443
24212653444
24212653445
24212653446
24212653447
24212653448
24212444704
24212444704
24212653449
24212444469
33625403476
33625403497
24212444656
24212444652
24212653450
24212653452
24212653451
24212653453
24212653455
24212653454
24212444540
24212653456
24212653457
24212653458
24212653459
24212444625
24212653460
24212653461
24212444503
33625403662
33625403630
34359477256
24212653438
33625403630
24212653459
24212444704
33625403635
24212444691
33625403913
24212444699
33625404449
33625403907
33625404450
24212653461
34359477256
34359477255
33625403662
24212444451
24212444699
24212444395
24212444482
33625403565
24212653458
33625403907
24212653438
33625403670
24212444690
33625403461
24212444691
24212444467
33625403536
33625403908
33625403534
24212444447
24212444656
24212444698
24212444537
33625403803
24212444633
33625403703
33625403432
24212444428
24212653455
24212653459
24212444527
24212653461
34359477255
24212444622
24212444414
24212444624
33625403451
33625401881
24212444655
24212653439
33625403818
33625403846
24212444700
24212444706
24212653457
24212444564
24212653460
24212444503
24212653446
24212653462
24212653444
33625403476
24212653456
24212653449
24212444704
33625403914
32502147716
32502147741
32502147740
32502147685
32502147739
32502147704
32502147731
24084231739
32502147692
24084231765
24084231765
32502147683
32502147675
34356031253
32502147658
32502147657
32502147656
32502147656
32502147648
32502147674
32502147645
32502147644
32502147644
32502147603
32502147676
32502147588
32502147586
32502147586
32502147072
32502147108
32502147071
32502147070
32502147070
32502146918
32502146916
32502146917
32502147583
32502147584
32502147585
32502147587
32502147097
32502147272
32502147594
32502147253
32502147383
32502147288
32502147461
32502147131
32502147601
32502147595
32502147357
32502147593
32502147231
32502147112
32502147589
32502147369
32502147485
32502146920
32502147609
32502147528
32502147205
32502147245
24084232150
32502147589
32502147650
24084231743
32502147143
24084231761
32502147504
32502145024
32502145049
32502145061
32502145106
32502146416
24084232151
32502145137
32502145700
32502147668
24084231758
24084231760
32502147317
24084232152
24084232153
32502147341
24084232154
24084232155
24084232156
24084232157
24084232158
34356031252
34356031251
34356031250
34356031249
34356031248
24084232159
24084232160
24084232161
24084232162
24084232163
24084232164
32502147646
32502147646
32502147637
32502147029
24212653457
32502147310
24212444706
33625404311
24212444690
24212653460
24212444700
24212653449
24212653462
24212653440
24212653439
24212444698
24212444705
24212444705
33625403909
33625403908
34359477257
24212653450
24212653455
24212653458
33625403818
24212444697
34359477256
24212653438
24212653459
24212444704
24212444691
33625403630
24212444699
33625403635
24212653460
33625403913
34359477255
33625404449
33625404450
34359477256
33625403662
24212444451
24212444699
24212444395
24212444482
33625403565
24212653458
33625403907
24212653438
33625403670
24212444690
33625403461
24212444691
24212444467
33625403536
33625403908
33625403534
24212444447
24212444656
24212444698
24212444537
33625403803
24212444633
33625403703
33625403432
24212444428
24212653455
24212653462
24212444527
24212653460
24212653459
34359477255
24212444622
24212444414
24212444624
24212653461
33625403451
33625401881
24212444655
24212444700
24212444706
24212653457
24212444564
24212444503
24212653446
24212653463
24212653444
33625403476
24212653456
24212653449
24212444704
33625403914
30289288198
30289288223
30289288222
30289288167
30289288221
30289288186
30289288213
25839784153
30289288174
25839784162
25839784162
30289288165
30289288157
34358510068
30289288140
30289288156
30289287684
30289287682
30289287682
30289287168
30289287204
30289288209
30289288137
30289288138
30289287679
30289287680
30289287681
30289287683
30289287193
30289287368
30289287690
30289287349
30289287479
30289287384
30289287557
30289287227
30289287697
30289287691
30289287453
30289287689
30289287327
24457640881
30289287208
30289287685
24457640879
24457640880
30289287465
30289287581
25839784156
30289287239
30289287331
25839784160
30289287628
30289287600
25840042738
30289285632
30289285657
30289285669
30289285714
30289287024
30289285745
30289286308
25840042739
30289287685
30289287413
30289288103
24212653461
30289287310
30289287438
30289287406
24212653457
24212444706
33625404311
24212444690
24212653462
33625403907
24212653463
24212653439
24212444700
24212653449
24212653441
24212444698
24212653458
24212653464
24212653465
24212444705
24212653440
33625403909
33625403908
34359477257
34359477256
24212653438
33625403630
24212653459
24212444704
33625403635
24212444691
33625403913
24212444699
33625404449
24212653462
33625404450
34359477255
34359477256
33625403662
24212444451
24212444699
24212444395
24212444482
33625403565
24212653458
33625403907
24212653438
33625403670
24212444690
33625403461
24212444691
24212444467
33625403536
33625403908
33625403534
24212444447
24212444656
24212444698
24212444537
33625403803
24212444633
33625403703
33625403432
24212444428
24212653455
24212653465
24212653462
24212653464
24212444527
24212653459
24212653460
34359477255
24212444622
24212444414
24212444624
33625403451
33625401881
24212444655
24212653463
24212653461
24212444700
24212444706
24212653457
24212444564
24212444503
24212653446
24212653466
24212653444
33625403476
24212653456
24212653449
24212444704
33625403914
31984687640
31984687665
31984687664
31984687609
31984687663
31984687628
31984687655
31984687649
26286667728
26286667737
26286667737
31984687607
31984687599
31984687611
34356966152
31984687582
31984687598
31984687108
31984687106
31984687106
31984686592
31984686628
31984687579
31984687580
31984687103
31984687104
31984687105
31984687107
31984686617
31984686792
31984687114
31984686773
31984686903
31984686808
31984686981
31984686651
31984687121
31984687115
31984686877
31984687113
31984686751
31984686632
31984687109
31984686889
31984687005
26286667731
31984686663
31984686755
26286667735
31984687052
31984687024
26286919568
31984685056
31984685081
31984685093
31984685138
31984686448
31984685169
31984685732
26286919569
31984687109
31984686837
31984687545
24212653461
31984686734
31984686862
31984686830
24212653457
24212444706
33625404311
24212444690
24212653464
33625403907
24212653465
24212653460
24212653463
24212444700
24212653449
24212444698
24212653458
24212653466
24212444705
33625403909
33625403908
34359477257
34359477256
24212653438
24212653459
24212444704
24212444691
24212444699
24212653465
34359477255
33625403630
33625403635
33625403913
33625404449
33625404450
34359477256
33625403662
24212444451
24212444699
24212444395
24212444482
33625403565
24212653458
33625403907
24212653438
33625403670
24212444690
33625403461
24212444691
24212444467
33625403536
33625403908
33625403534
24212444447
24212444656
24212444698
24212444537
33625403803
24212444633
33625403703
33625403432
24212444428
24212653455
24212653465
24212653463
24212653464
24212444527
24212653459
24212653462
34359477255
24212444622
24212444414
24212444624
24212653461
33625403451
33625401881
24212444655
24212653460
24212653466
24212444700
24212444706
24212653457
24212444564
24212444503
24212653446
24212653444
33625403476
24212653456
24212653449
24212444704
33625403914
24212653467
31405579948
31405579973
31405579972
31405579917
31405579971
31405579963
31405579953
31405579929
23767983920
23767983929
23767983929
31405579915
31405579907
31405579919
34357294291
31405579890
31405579906
31405579780
31405579778
31405579778
31405579264
31405579300
31405579887
31405579888
31405579775
31405579776
31405579777
31405579779
31405579289
31405579464
31405579786
31405579445
31405579575
31405579480
31405579653
31405579323
31405579793
31405579787
31405579549
31405579785
31405579423
31405579304
31405579781
31405579561
31405579677
23767983923
31405579335
31405579427
23767983927
31405579724
31405579696
23768143957
31405577728
31405577753
31405577765
31405577810
31405579120
31405577841
31405578404
23768143958
31405579781
31405579509
31405579853
24212653461
31405579406
31405579534
24212653457
24212444706
31405579502
33625404311
24212444690
24212653464
33625403907
24212653466
24212653460
24212653463
24212444700
24212653449
24212653462
24212444698
24212653458
24212444705
33625403909
33625403908
34359477257
34359477256
33625403630
33625403635
33625403913
24212653438
33625404449
24212653459
33625404450
24212444704
34359477256
33625403662
24212444691
24212444451
24212444699
24212444699
24212653462
24212653464
34359477255
24212444395
24212444482
33625403565
24212653458
33625403907
24212653438
33625403670
24212444690
33625403461
24212444691
24212444467
33625403536
33625403908
33625403534
24212444447
24212444656
24212444698
24212444537
33625403803
24212444633
33625403703
33625403432
24212444428
24212653455
24212653465
24212653466
24212653464
24212444527
24212653462
24212653459
34359477255
24212444622
24212444414
24212444624
33625403451
33625401881
24212444655
24212653460
24212653461
24212444700
24212444706
24212653457
24212444564
24212444503
24212653463
24212653446
24212653444
33625403476
24212653456
24212653449
24212444704
24212653467
33625403914
32191610622
32191610647
32191610646
32191610591
32191610645
32191610637
32191610627
32191610603
26866980422
26866980431
26866980431
32191610589
32191610581
34356751708
32191610564
32191610580
32191610372
32191610370
32191610370
32191609856
32191609892
32191610561
32191610562
32191610367
32191610368
32191610369
32191610371
32191609881
32191610056
32191610378
32191610037
32191610167
32191610072
32191610245
32191609915
32191610385
32191610379
32191610141
32191610377
32191610015
32191609896
32191610373
32191610153
32191610269
26866980425
32191609927
32191610019
26866980429
32191610316
32191610288
26867060538
32191608320
32191608345
32191608357
32191608402
32191609712
32191608433
32191608996
26867060539
32191610373
32191610101
32191610527
24212653461
32191609998
32191610126
32191610094
24212653457
24212444706
33625404311
24212444690
33625403907
24212653466
24212653460
24212653465
24212653463
24212444700
24212653449
24212444698
24212653458
24212444705
33625403909
33625403908
34359477257
34359477256
24212653438
24212653459
24212444704
24212444691
24212444699
24212653462
24212653465
33625403630
34359477255
33625403635
33625403913
33625404449
33625404450
34359477256
33625403662
24212444451
24212444699
24212444395
24212444482
33625403565
24212653458
33625403907
24212653438
33625403670
24212444690
33625403461
24212444691
24212444467
33625403536
33625403908
33625403534
24212444447
24212444656
24212444698
24212444537
33625403803
24212444633
33625403703
33625403432
24212444428
24212653455
24212653465
24212653462
24212653464
24212444527
24212653459
34359477255
24212444622
24212444414
24212444624
24212653463
33625403451
33625401881
24212444655
24212653461
24212653460
24212653466
24212444700
24212444706
24212653457
24212444564
24212444503
24212653446
24212653467
24212653444
33625403476
24212653456
24212653449
24212444704
33625403914
31615161371
31615161396
31615161395
31615161340
31615161394
31615161359
31615161386
31615161376
26048326546
26048326555
26048326555
31615161338
31615161330
31615161342
34356001805
31615161313
31615161329
31615160836
31615160834
31615160834
31615160320
31615160356
31615161310
31615161311
31615160831
31615160832
31615160833
31615160835
31615160345
31615160520
31615160842
31615160501
31615160631
31615160536
31615160709
31615160379
31615160849
31615160843
31615160605
31615160841
31615160479
31615160360
31615160837
31615160617
31615160733
26048326549
31615160391
31615160483
26048326553
31615160780
31615160752
26048418818
31615158784
31615158809
31615158821
31615158866
31615160176
31615158897
31615159460
26048418819
31615160837
31615160565
31615161276
31615160462
24212653461
31615160590
31615160558
24212653457
24212444706
24212444706
33625404311
24212444690
24212653457
24212653464
33625403907
24212653466
24212653455
24212653463
24212444700
24212653449
24212444698
24212653458
24212653460
24212444705
33625403909
33625403908
34359477257
24212653439
24212653446
24212653467
34359477256
24212444699
24212653438
33625403630
24212653459
33625403635
24212444704
33625403913
24212444691
33625404449
34359477257
33625404450
24212653460
34359477256
33625404311
33625403662
24212653449
24212653464
24212444451
24212653465
24212444699
24212653461
24212444395
24212653457
24212444482
24212653462
24212653448
33625403565
24212444706
24212653458
33625403907
24212653438
33625403670
24212444690
33625403461
24212444691
24212444432
34359477257
24212444700
24212653461
24212444427
24212444566
31288885738
31288885763
31288885762
31288885707
31288885761
31288885726
31288885753
31288885747
23788454940
23788454947
23788454947
31288885705
31288885697
31288885709
34358885521
31288885680
31288885696
31288885252
31288885250
31288885250
31288884736
31288884772
31288885677
31288885678
31288885247
31288885248
31288885249
31288885251
31288884761
31288884936
31288885258
31288884917
31288885047
31288884952
31288885125
31288884795
31288885265
31288885259
31288885021
31288885257
31288884895
31288884776
31288885253
31288885033
31288885149
23788454942
31288884807
31288884899
23788454946
31288885196
31288885168
23788498434
31288883200
31288883225
31288883237
31288883282
31288884592
31288883313
31288883876
23788498435
31288885253
31288884869
23788498436
23788498437
31288885696
31288884823
31288884981
31288884972
24457640885
24457640882
24457640883
24457640884
30979394318
30979394565
2604685468
2604685469
2604685470
2604685471
2604685472
2604685473
2604685474
2604685475
2604685476
2604685477
2604685478
2604685604
2604685605
2604685606
2604685607
2604685608
2604685609
2604685610
2604685611
2604685612
2604685613
2604685614


