33260379374
34066095565
34066095590
34066095589
34066095534
34066095588
34066095570
34066095578
34066095546
26740424854
26740424857
26740424857
34066095532
34066095524
34357402920
34066095535
34066095507
34066095523
34066095108
34066095106
34066095106
34066094592
34066094628
34066095504
34066095505
34066095103
34066095104
34066095105
34066095107
34066094617
34066094792
34066095114
34066094773
34066094903
34066094808
34066094981
34066094651
34066095121
34066095115
34066094877
34066095113
34066094751
34066094632
34066095109
34066094889
34066095005
26740424855
34066094663
34066094765
26740506795
26740506796
34066094841
34066094828
26740506798
26740506797
34073006818
34073006819
34073006820
2604678505
2604686857
2604686858
2604686859
12373199694
12373199695
26740506801
26740506799
26740506800
9776974980
9776951677
9776972712
9776925592
9776978752
9776972380
9776979008
9776946298
9776928516
9776966645
9776945329
9776967685
9776968101
9776966620
9776970457
9776925414
9776949041
9776966828
9776956949
9776966489
9776970384
9776970348
9776969592
9776965652
9776957981
9776967148
9776967805
9776972628
9776972516
9776967028
9776972462
9776969689
9776970297
9776967969
9776972544
9776949360
9776972509
9776969294
9776972493
9776967945
9776967078
9776972616
9776936244
9776969649
9776966992
9776978786
9776972640
9776967016
9776969448
9776970522
9776949060
9776967064
9776970584
9776972424
9776967124
9776963552
9776949224
9776969472
9776969546
9776969340
9776967952
9776972346
9776970360
9776970532
9776972316
9776978834
9776969316
9776970244
9776972450
9776948676
9776972332
9776965752
9776966970
9776949092
9776969708
9776966860
9776969570
9776970258
9776939892
9776941735
9776953248
9776952284
9776953552
9776957988
9776925432
9776965664
9776956248
9776932573
9776926482
9776933292
9776923346
9776935072
9776933288
9776935052
9776932840
9776930763
9776955440
9776933279
9776930788
9776930500
9776926744
9776932876
9776927048
26740506805
26740506802
26740506803
26740506804
26740506810
26740506806
26740506807
26740506808
26740506809
26740506811
31696879797
31696879856
31696879855
27078990003
31696880021
27078990059
31696880543
26740506813
26740506812
26740506816
26740506814
26740506815
26740506820
26740506817
26740506818
26740506819
26740506825
26740506821
26740506822
26740506823
26740506824
34066094862
34066095109


