32011230446
30444914360
30444914385
30444914384
30444914329
30444914383
30444914348
30444914373
30444914369
22980714136
22980714139
22980714139
30444914327
30444914319
30444914331
34357068692
30444914302
30444914318
30444914180
30444914178
30444914178
30444913664
30444913700
30444914299
30444914300
30444914175
30444914176
30444914177
30444914179
30444913689
30444913864
30444914186
30444913845
30444913975
30444913880
30444914053
30444913723
30444914193
30444914187
30444913949
30444914185
30444913823
30444913704
30444914181
30444913961
30444914077
22980714137
30444913735
30444913837
22980936289
22980936290
30444913913
30444913900
2604679589
2604679588
12373197304
12373197305
12373199953
2604689388
2604689389
2604689390
12373197306
12373197307
2604689392
2604689391
12373199792
12373199793
16504598596
16504598596
16504593282
16504593452
16504593452
16504593453
16504593454
16504593455
16504593456
34073005894
34073005910
34073005895
34073005896
34073005897
34073005898
34073005899
34073005900
34073005901
34073005902
34073005903
34073005904
34073005905
34073005906
34073005907
34073005908
34073005909
34073004493
34073005877
34073005893
34073005878
34073005879
34073005880
34073005881
34073005882
34073005883
34073005884
34073005885
34073005886
34073005887
34073005888
34073005889
34073005890
34073005891
34073005892
34073005860
34073005876
16504598757
2604689393
2604689394
2604689395
12373199794
12373199795
16504600557
22980936292
22980936291
34072996607
34072996609
34072996611
34072996614
34072996613
34072996616
34072996618
34072996620
34072996621
34072996623
34072996625
34072996627
34072996630
34072996629
34072996632
34072996634
34072996636
34072996637
34072996639
34072996641
34072996643
34073004323
34073004325
34073004327
34073004329
34073004331
34073004332
34073004334
34073004336
34073004338
34073004339
34073004341
34073004343
34073004345
34073004347
34073004348
34073004350
34073004352
34073004354
34073004357
34073004356
34073004359
34073004361
34073004363
34073004364
34073004366
34073004368
34073004370
34073004373
34073004372
34073004375
34073004377
34073004379
34073004380
34073004382
34073004384
34073004386
34073004216
34073004218
34073004220
34073004222
34073004224
34073004225
34073004227
34073004229
34073004231
34073004232
34073004234
34073004236
34073004238
34073004240
34073004241
34073004243
34073004245
34073004247
34073004250
34073004249
34073004252
34073004254
34073004256
34073004257
34073004259
34073004261
34073004263
34073004266
34073004265
34073004268
34073004270
34073004272
34073004273
34073004275
34073004277
34073004279
34073003560
34073003562
34073003564
34073003566
34073003568
34073003569
34073003571
34073003573
34073003575
34073003576
34073003578
34073003580
34073003582
34073003584
34073003585
34073003587
34073003589
34073003591
34073003594
34073003593
34073003596
34073003598
34073003600
34073003601
34073003603
34073003605
34073003607
34073003610
34073003609
34073003612
34073003614
34073003616
34073003617
34073003619
34073003621
34073003623
34073003496
34073003498
34073003500
34073003502
34073003504
34073003505
34073003507
34073003509
34073003511
34073003512
34073003514
34073003516
34073003518
34073003520
34073003521
34073003523
34073003525
34073003527
34073003530
34073003529
34073003532
34073003534
34073003536
34073003537
34073003539
34073003541
34073003543
34073003546
34073003545
34073003548
34073003550
34073003552
34073003553
34073003555
34073003557
34073003559
34073003432
34073003434
34073003436
34073003438
34073003440
34073003441
34073003443
34073003445
22980936295
22980936293
22980936294
34073003447
34073003448
34073003450
34073003452
2071987777
2071987778
2071987779
2071987780
2071987781
2071987782
2071987783
2071987784
2071987785
2071987786
2071987787
2071987788
34073003454
2071987789
2071987790
2071987791
34073006818
34073006819
34073006820
34073003456
34073003457
34073003459
34073003461
2604689397
2604689396
12373200676
12373200677
22980936299
22980936296
22980936297
22980936298
22980936304
22980936300
22980936301
22980936302
22980936303
22980936305
31288885006
24212653463
24212653466
33625403907
24212444698
24212444690
24212444700
24212653440
24212653439
24212653455
24212653450
33625403908
34359477256
24212653438
24212653466
24212444704
24212444691
33625403630
24212444699
33625403635
33625403913
33625404449
24212653460
34359477255
33625404450
34359477256
33625403662
24212444451
24212444699
24212444395
24212444482
33625403565
24212653458
33625403907
24212653462
24212653438
33625403670
24212444690
33625403461
24212444691
24212444467
33625403536
33625403908
33625403534
24212444447
24212444656
24212444698
24212444537
33625403803
24212444633
33625403703
33625403432
24212444428
24212653455
24212653465
24212653466
24212444527
24212653460
24212653464
24212653459
34359477255
24212444622
24212444706
24212444704
24212444414
24212444624
24212653461
33625403451
33625401881
24212444655
24212653439
24212653457
33625403818
33625403846
24212444700
24212444564
24212444503
24212653446
24212653467
24212653444
33625403476
24212653456
24212653449
33625403914
24212653463
22980936307
22980936306
32608956236
32608956261
32608956260
32608956205
32608956259
32608956251
32608956241
32608956217
23354270200
23354270226
23354270226
32608956203
32608956195
32608956207
34356865477
32608956178
32608956177
32608956176
32608956176
32608956168
32608956194
32608956165
32608956164
32608956164
32608956123
32608956196
32608955908
32608955906
32608955906
32608955392
32608955428
32608956122
32608956121
32608956121
32608955969
32608955967
32608955968
32608955903
32608955904
32608955905
32608955907
32608955417
32608955592
32608955914
32608955573
32608955703
32608955608
32608955781
32608955451
32608955921
32608955915
32608955677
32608955913
32608955551
32608955432
32608955909
32608955689
32608955805
32608955971
32608956129
32608955848
32608955525
32608955565
23354376832
32608955909
32608956170
23354270204
32608955463
23354270222
32608955824
32608953856
32608953881
32608953893
32608953938
32608955248
23354376833
32608953969
32608954532
32608956188
23354270219
32608955637
23354376834
23354376835
32608955661
23354376836
23354376837
23354376838
23354376839
23354376840
34356865476
34356865475
34356865474
34356865473
34356865472
23354376841
23354376842
23354376843
23354376844
23354376845
23354376846
32608956166
32608956166
24212653461
32608956157
32608956080
24212653457
32608955630
24212444706
33625404311
24212444690
24212653459
24212653439
24212653464
33625403907
24212653462
24212444700
24212653449
24212653463
24212653465
24212444698
24212444705
33625403909
33625403908
24212653467
34359477257
24212653450
24212653455
24212653458
34359477255
24212653438
24212653466
24212444704
33625403630
24212444691
34359477256
33625403635
24212444699
24212653467
33625403913
33625404449
33625404450
34359477255
33625403662
24212444451
24212444699
24212444395
24212444482
33625403565
24212653458
33625403907
24212653438
33625403670
24212444690
33625403461
24212444691
24212444467
34359477256
33625403536
33625403908
33625403534
24212444447
24212444656
24212444698
24212444537
33625403803
24212444633
33625403703
33625403432
24212444428
24212653455
24212653463
24212653464
24212444527
24212653467
24212653466
24212653459
24212444622
24212444706
34359477254
24212444704
24212444414
24212653462
24212444624
24212653461
33625403451
33625401881
24212444655
24212653465
24212444700
24212653457
24212444564
24212653460
24212444503
24212653446
24212653444
33625403476
24212653456
24212653449
24212653468
33625403914
32595401473
32595401498
32595401497
32595401442
32595401496
32595401471
32595401488
32595401486
32595401454
23156466307
23156466316
23156466316
32595401440
34359613630
32595401432
32595401415
32595401431
34359613629
32595401220
32595401218
32595401218
32595400704
32595400740
32595401412
32595401413
32595401215
32595401216
32595401217
32595401219
32595400729
32595400904
32595401226
32595400885
32595401015
32595400920
32595401093
32595400763
32595401233
32595401227
32595400989
32595401225
32595400863
32595400744
32595401221
32595401001
32595401117
23156466310
32595400775
32595400867
23156466314
32595401164
32595401136
23156566414
32595399168
32595399193
32595399205
32595399250
32595400560
32595399281
32595399844
23156566415
32595401221
32595400949
32595401378
24212653461
32595400846
32595400974
32595400942
24212653457
24212444706
33625404311
24212444690
24212653464
24212653463
33625403907
24212653468
24212653460
24212653462
24212444700
24212653449
24212653459
24212653465
24212444698
24212653458
33625403908
24212444705
24212653440
24212653439
33625403909
24212653441
34359477257
34359477256
24212653438
24212653466
24212444704
33625403630
24212444691
24212444699
33625403635
24212653460
33625403913
24212653461
33625404449
34359477255
33625404450
34359477256
33625403662
24212444451
24212444699
24212444395
24212444482
33625403565
24212653458
33625403907
24212653438
33625403670
24212444690
33625403461
24212444691
24212444467
33625403536
33625403908
33625403534
24212444447
24212444656
24212444698
24212444537
33625403803
24212444633
33625403703
33625403432
24212444428
24212653455
24212653468
24212444527
24212653460
24212653466
24212653467
24212653461
24212653459
34359477255
24212444622
24212444706
24212444704
24212444414
24212653462
24212444624
24212653464
33625403451
33625401881
24212444655
24212653439
24212653463
24212653465
24212444700
24212653457
24212444564
24212444503
24212444705
33625403909
33625403499
33625403844
24212653469
24212653449
33625404398
33625404419
33625404383
33625404412
33625403914
33625404328
33625404365
33625404346
24212444706
33625404311
24212653457
24212444690
24212653468
24212653462
24212653464
24212653467
24212653440
24212653439
24212653463
24212444700
24212653449
24212653465
24212653459
34359477257
33625403907
24212444698
33625403909
33625403908
24212653469
24212444705
3502243972
24212653458
34359477256
24212653438
33625403630
24212653466
24212444704
33625403635
24212444691
33625403913
24212444699
33625404449
24212653465
33625404450
34359477255
34359477256
33625403662
24212444451
24212444699
24212444395
24212444482
33625403565
24212653458
33625403907
24212653438
33625403670
24212444690
33625403461
24212444691
24212444467
33625403536
33625403908
33625403534
24212444447
24212444656
24212444698
24212444537
33625403803
24212444633
33625403703
33625403432
24212444428
24212653455
24212653469
24212444527
24212653465
24212653466
24212653468
24212653460
24212653461
24212653459
34359477255
24212444622
24212444706
24212444704
24212444414
24212653462
24212444624
24212653464
33625403451
33625401881
24212444655
24212653439
24212653463
24212444700
24212653457
24212444564
24212444503
24212653467
24212444705
33625403909
33625403499
33625403844
24212653449
24212653461
33625404398
33625404419
33625404383
33625404412
33625403914
33625404328
33625404365
33625404346
24212444706
33625404311
24212653457
24212444690
24212653468
24212653469
24212653460
24212653467
24212653463
33625403907
24212444700
24212653449
24212653459
24212653464
34359477257
24212444698
33625403909
33625403908
24212444705
24212653462
24212653458
34359477256
24212653438
24212653466
24212444704
33625403630
24212444691
33625403635
24212444699
33625403913
24212653469
33625404449
24212653467
33625404450
34359477255
34359477256
33625403662
24212444451
24212444699
24212444395
24212444482
33625403565
24212653458
33625403907
24212653438
33625403670
24212444690
33625403461
24212444691
24212444467
33625403536
33625403908
33625403534
24212444447
24212444656
24212444698
24212444537
33625403803
24212444633
33625403703
33625403432
24212444428
24212653455
24212653469
24212444527
24212653466
24212653468
24212653467
24212653465
24212653460
24212653459
24212653464
34359477255
24212444622
24212444706
24212444704
24212444414
24212653462
24212444624
24212653463
33625403451
33625401881
24212444655
24212653439
24212653461
24212444700
24212653457
24212444564
24212444503
24212444705
33625403909
33625403499
33625403844
24212653449
33625404398
24212653461
33625404419
33625404383
33625404412
33625403914
33625404328
33625404365
33625404346
24212444706
33625404311
24212653457
24212444690
24212653468
24212653462
24212653464
33625403907
24212444700
24212653449
24212653459
34359477257
24212653460
24212653463
24212653465
24212444698
33625403909
33625403908
24212444705
24212653458
34359477256
24212653438
24212653466
33625403630
24212444704
33625403635
24212444691
33625403913
24212444699
33625404449
33625404450
34359477256
33625403662
24212444451
24212653469
24212653467
24212444699
24212444395
34359477255
24212444482
33625403565
24212653458
33625403907
24212653438
33625403670
24212444690
33625403461
24212444691
24212444467
33625403536
33625403908
33625403534
24212444447
24212444656
24212444698
24212444537
33625403803
24212444633
33625403703
33625403432
24212444428
24212653455
24212653469
24212444527
24212653466
24212653467
24212653465
24212653459
24212653468
34359477255
24212444622
24212444706
24212444704
24212444414
24212653462
24212444624
24212653464
33625403451
33625401881
24212444655
24212653439
24212653461
24212653460
24212444700
24212653457
24212444564
24212444503
24212444705
33625403909
33625403499
33625403844
24212653463
24212653449
24212653461
33625404398
33625404419
33625404383
33625404412
33625403914
33625404328
33625404365
33625404346
24212653457
24212444706
33625404311
24212444690
24212653468
24212653460
24212653462
33625403907
24212444700
24212653449
24212653459
24212653463
34359477257
24212653465
24212653464
24212444698
33625403909
33625403908
24212444705
24212653458
34359477256
24212653438
24212653466
33625403630
24212444704
24212444691
33625403635
24212444699
33625403913
24212653469
33625404449
34359477255
33625404450
34359477256
33625403662
24212444451
24212444699
24212444395
24212444482
33625403565
24212653458
33625403907
24212653438
33625403670
24212444690
33625403461
24212444691
24212444467
33625403536
33625403908
33625403534
24212444447
24212444656
24212444698
24212444537
33625403803
24212444633
33625403703
33625403432
24212444428
24212653455
24212653469
24212444527
24212653466
24212653460
24212653459
24212653463
34359477255
24212444622
24212444706
24212444704
24212444414
24212653462
24212444624
24212653468
24212653461
33625403451
33625401881
24212444655
24212653439
24212653464
24212653465
24212444700
24212653457
24212444564
24212444503
24212653467
24212444705
33625403909
33625403499
33625403844
22980936310
22980936308
22980936309
24212653461
24212653449
33625404398
33625404419
33625404383
33625404412
33625403914
33625404328
33625404365
33625404346
24212444706
33625404311
24212653457
24212444690
24212653468
24212653462
24212653463
24212653467
33625403907
24212444700
24212653449
24212653459
34359477257
24212653465
24212653460
24212653464
24212444698
33625403909
33625403908
24212444705
24212653439
24212653458
33625404449
33625404450
33625404383
33625403914
33625404365
33625404346
31759270292
31759270292
3502245535
3502244499
3502243932
34355658623
14927529966
14927529967
2604688632
2604688633
2604688634
12373200678
12373200679
22980936314
22980936311
22980936312
22980936313
22980936319
22980936315
22980936316
22980936317
22980936318
22980936320
22980936322
22980936321
22980936325
22980936323
22980936324
22980936329
22980936326
22980936327
22980936328
22980936334
22980936330
22980936331
22980936332
22980936333
22980936335
22980936337
22980936336
22980936340
22980936338
22980936339
22980936344
22980936341
22980936342
22980936343
16504600224
16504600226
16504600225
16504600227
16504600228
16504600231
16504600230
16504600229
16504589604
16504589605
16504589606
16504589607
16504589608
16504589609
16504589611
16504589610
16504592280
16504592281
16504592282
16504592283
16504592284
16504592285
16504592286
16504592287
16504591604
16504591605
16504591606
16504591607
16504591608
16504591609
16504591610
16504591611
16504590000
16504590001
16504590002
16504590003
16504590004
16504590005
16504590006
16504590007
16504589140
16504589141
16504589142
16504589143
16504589144
16504589145
16504589146
16504589147
16504589772
16504589773
16504589774
16504589775
16504589776
16504589777
16504589778
16504589779
16504589316
16504589317
16504589318
16504589319
16504589320
16504589321
16504589322
16504589323
16504589760
16504589761
16504589762
16504589763
16504589764
16504589765
16504589766
16504589767
16504589364
16504589365
16504589366
16504589367
16504589368
16504589369
16504589370
16504589371
16504591508
16504591509
16504591510
16504591511
16504591512
16504591513
16504591514
16504591515
16504589176
16504589177
16504589178
16504589179
16504589180
16504589181
16504589182
16504589183
16504589284
16504589285
16504589286
16504589287
16504589288
16504589289
16504589290
16504589291
16504592788
16504592789
16504592790
16504592791
16504592792
16504592793
16504592794
16504592795
16504589828
16504589829
16504589830
16504589831
16504589832
16504589833
16504589834
16504589835
16504589460
16504589461
16504589462
16504589463
16504589464
16504589465
16504589466
16504589467
16504592244
16504592245
16504592246
16504592247
16504592248
16504592249
16504592250
16504592251
16504589964
16504589965
16504589966
16504589967
16504599681
16504599682
16504604217
16504604218
16504595715
16504595717
16504595718
16504603516
16504603519
16504603517
16504604216
16504603518
16504595714
16504603521
16504603520
16504603522
16504589968
16504589969
16504589971
16504589970
16504589340
16504589341
16504589342
16504595350
16504589343
16504589344
16504589345
16504589346
16504589347
16504589664
16504589665
16504589666
16504589667
16504589668
16504589669
16504589670
16504589671
16504589592
16504589593
16504589594
16504589595
16504589596
16504589597
16504589598
16504589599
16504589904
16504595118
16504595351
16504600107
16504589905
16504599756
16504589906
16504599757
16504589907
16504589908
16504589909
16504589910
16504599347
16504589911
16504589260
22980936349
16504589261
22980936345
22980936346
22980936347
22980936348
16504589262
16832793323
26599097661
16832793324
26599097659
26599097660
16504589263
16504596381
16504597511
16504599974
16504596718
16504600108
16504595119
16504597492
16504596382
16504598425
16504596295
22980936350
16504596262
16504596262
16504600117
16504596383
16504597808
16504604932
16504595240
16504604880
16504604881
16504597809
22980936352
22980936351
16504604933
16504604882
16504586494
16504604883
16504596332
16504596332
16504596333
16504600118
16504597810
16504600162
16504598426
16504597811
16504596388
16504604936
16504604856
16504604857
16504598759
16504604812
16504604858
16504595370
16504604813
16504604814
16504604815
16504599344
16504599345
16504599346
16504599347
16504599348
16504604816
16504604817
16504604818
16504595365
16504595366
16504595368
16504595366
16504595367
16504604508
16504604509
16504604510
16504598760
22980936355
22980936353
22980936354
22980936359
22980936356
22980936357
22980936358
30444913934
30444914181
33281174927
33281174926
33281130507
33281130506


